Base:	ecoli_numerico
	AUC	#Accuracy		#PrecisionPos	#RecallPos	#F-MeasurePos		#PrecisionNeg	#RecallNeg	#F-MeasureNeg		#Regras Total
Fold: 0-0	0,6935483870967741	0,7647058823529411		0,0	0,0	0,0		0,896551724137931	0,8387096774193549	0,8666666666666666		59,0	
Fold: 0-1	0,8499999999999999	0,8823529411764706		0,5	0,25	0,3333333333333333		0,90625	0,9666666666666667	0,9354838709677419		61,0	
Fold: 0-2	0,6333333333333333	0,5882352941176471		0,0	0,0	0,0		0,8333333333333334	0,6666666666666666	0,7407407407407408		70,0	
Fold: 0-3	0,7666666666666667	0,7647058823529411		0,0	0,0	0,0		0,8666666666666667	0,8666666666666667	0,8666666666666667		45,0	
Fold: 0-4	0,65	0,6176470588235294		0,0	0,0	0,0		0,84	0,7	0,7636363636363636		81,0	
Fold: 0-5	0,8500000000000001	0,8529411764705882		0,0	0,0	0,0		0,8787878787878788	0,9666666666666667	0,9206349206349207		70,0	
Fold: 0-6	0,65	0,696969696969697		0,0	0,0	0,0		0,8846153846153846	0,7666666666666667	0,8214285714285715		51,0	
Fold: 0-7	0,6944444444444443	0,7878787878787878		0,0	0,0	0,0		0,896551724137931	0,8666666666666667	0,8813559322033899		53,0	
Fold: 0-8	0,8333333333333334	0,8181818181818182		0,0	0,0	0,0		0,9	0,9	0,9		34,0	
Fold: 0-9	0,811111111111111	0,7575757575757576		0,14285714285714285	0,3333333333333333	0,2		0,9230769230769231	0,8	0,8571428571428571		54,0	
Media das Areas:	0,7432437275985663
Desvio Padrao:	0,08389555019153651
Número médio de regras:	57,8
Media das Precisoes:	0,7531194295900179


