Base:	GERMAN
	AUC	#Accuracy		#PrecisionPos	#RecallPos	#F-MeasurePos		#PrecisionNeg	#RecallNeg	#F-MeasureNeg		#Regras Total
Fold: 0-0	0,0	0,7		0,0	0,0	0,0		0,7	1,0	0,8235294117647058		77,0	
Fold: 0-1	0,0	0,7		0,0	0,0	0,0		0,7	1,0	0,8235294117647058		79,0	
Fold: 0-2	0,4857142857142857	0,68		0,0	0,0	0,0		0,6938775510204082	0,9714285714285714	0,8095238095238094		72,0	
Fold: 0-3	0,4928571428571429	0,69		0,0	0,0	0,0		0,696969696969697	0,9857142857142858	0,8165680473372782		66,0	
Fold: 0-4	0,0	0,7		0,0	0,0	0,0		0,7	1,0	0,8235294117647058		74,0	
Fold: 0-5	0,0	0,7		0,0	0,0	0,0		0,7	1,0	0,8235294117647058		74,0	
Fold: 0-6	0,040952380952380914	0,7		0,0	0,0	0,0		0,7	1,0	0,8235294117647058		67,0	
Fold: 0-7	0,0	0,7		0,0	0,0	0,0		0,7	1,0	0,8235294117647058		68,0	
Fold: 0-8	0,0	0,7		0,0	0,0	0,0		0,7	1,0	0,8235294117647058		74,0	
Fold: 0-9	0,46761904761904766	0,69		0,3333333333333333	0,03333333333333333	0,0606060606060606		0,7010309278350515	0,9714285714285714	0,8143712574850299		60,0	
Media das Areas:	0,14871428571428572
Desvio Padrao:	0,21863481288645617
Número médio de regras:	71,1
Media das Precisoes:	0,6960000000000001


