0,0	0,7		0,0	0,0	0,0		0,7	1,0	0,8235294117647058		76,0	
0,0	0,7		0,0	0,0	0,0		0,7	1,0	0,8235294117647058		79,0	
0,4857142857142857	0,68		0,0	0,0	0,0		0,6938775510204082	0,4857142857142850,0	0,7		0,0	0,0	0,0		0,7	1,00,4928571428571429	0,69		0,0	0,0	0,0		0,696969696969697	0,9857142857142858	0,816568040,0	0,7		0,0	0,0	0,0	0,7		0,0	0,0	0,0		0,7	1,0	0,8235294117647058		74,0	
0,0	0,7		0,0	0,0	0,0		0,7	1,0	0,8235294117647058		74,0	
0,040952380952380914	0,7		0,0	0,0	0,0		0,7	1,0	0,8235294117647058		67,0	
0,0	0,7		0,0	0,0	0,0		0,7	1,0	0,8235294117647058		680,0	00,0	0,7		0,0	0,0	0,0		0,7	1,0	0,8235294117647058		74,0	
0,46761904761904766	0,69		0,3333333333333333	0,03333333333333333	0,0606060606060606		0,7010309278350515	0,9714285714285714	0,8143712574850299		60,0	
647058		72,0	
72782		72,0	
57142858	0,810,0	0,7		0,0	0,0	0,0		0,7	1,0	0,8235294117647058		71,0	
