1,0	1,0
0,95	1,0
0,95	0,9333333333333333
0,9	0,9333333333333333
0,9	0,8666666666666667
0,85	0,8666666666666667
0,8	0,8666666666666667
0,75	0,8666666666666667
0,7	0,8666666666666667
0,7	0,8
0,65	0,8
0,6	0,8
0,55	0,8
0,5	0,8
0,5	0,7333333333333333
0,5	0,6666666666666666
0,5	0,6
0,45	0,6
0,4	0,6
0,4	0,5333333333333333
0,3	0,5333333333333333
0,25	0,5333333333333333
0,2	0,5333333333333333
0,15	0,5333333333333333
0,15	0,4666666666666667
0,1	0,4666666666666667
0,1	0,4
0,1	0,3333333333333333
0,05	0,3333333333333333
0,05	0,26666666666666666
0,05	0,2
0,0	0,2
0,0	0,13333333333333333
0,0	0,06666666666666667
