[age = (40.612931915157965 , 69.915150175266)]	?	?	[class = positive]	0,8767123287671232	0,24630541871921183		0,29493087557603687	0,7050691244239631	0,847457627118644	0,29493087557603687	0,2318840579710145	0,7862318840579711	0,02393142197017431
[age = (42.533951167391464 , 67.52383339682157)]	?	?	[class = positive]	0,7945205479452054	0,3251231527093596		0,29743589743589743	0,7025641025641025	0,8148148148148148	0,29743589743589743	0,21014492753623187	0,7065217391304348	0,023275047258979192
[age = (36.43881803857147 , 61.116887116676004)]	?	[positive = (8.824559684009223 , 43.69583182795477)]	[class = positive]	0,2876712328767123	0,9408866995073891		0,6363636363636364	0,36363636363636365	0,7860082304526749	0,6363636363636364	0,07608695652173914	0,11956521739130435	0,044462822936357914
[age = (47.61655009897539 , 56.22579069476814)]	?	[positive = (8.282339221754066 , 17.042598122402495)]	[class = positive]	0,136986301369863	1,0		1,0	0,0	0,7631578947368421	1,0	0,036231884057971016	0,036231884057971016	0,026648813274522162
[age = (38.85577527392624 , 83.0)]	?	?	[class = positive]	0,958904109589041	0,13793103448275862		0,2857142857142857	0,7142857142857143	0,9032258064516129	0,2857142857142857	0,2536231884057971	0,8876811594202898	0,018837954211300162
[age = (40.714483593067655 , 63.37443498318977)]	?	?	[class = positive]	0,7808219178082192	0,3448275862068966		0,3	0,7	0,813953488372093	0,3	0,20652173913043478	0,6884057971014492	0,024443394244906547
[age = (38.67343517068734 , 83.0)]	?	?	[class = positive]	0,958904109589041	0,13793103448275862		0,2857142857142857	0,7142857142857143	0,9032258064516129	0,2857142857142857	0,2536231884057971	0,8876811594202898	0,018837954211300162
[age = (37.750841358039345 , 83.0)]	?	?	[class = positive]	0,9726027397260274	0,09852216748768473		0,2795275590551181	0,7204724409448819	0,9090909090909091	0,2795275590551181	0,2572463768115942	0,9202898550724637	0,013836378911993241
[age = (40.67157773954211 , 67.85010276671467)]	?	?	[class = positive]	0,863013698630137	0,2660098522167488		0,2971698113207547	0,7028301886792453	0,84375	0,2971698113207547	0,22826086956521738	0,7681159420289855	0,025099768956101637
[age = (37.30622314625268 , 83.0)]	?	?	[class = positive]	0,9726027397260274	0,09852216748768473		0,2795275590551181	0,7204724409448819	0,9090909090909091	0,2795275590551181	0,2572463768115942	0,9202898550724637	0,013836378911993241
[age = (47.69010957432585 , 56.32379263738735)]	?	[positive = (8.31661768379004 , 17.1135343737699)]	[class = positive]	0,136986301369863	1,0		1,0	0,0	0,7631578947368421	1,0	0,036231884057971016	0,036231884057971016	0,026648813274522162
[age = (33.609733037861005 , 83.0)]	?	?	[class = positive]	1,0	0,034482758620689655		0,27137546468401486	0,7286245353159851	1,0	0,27137546468401486	0,2644927536231884	0,9746376811594203	0,0067081495484141995
[age = (33.39329331546916 , 83.0)]	?	?	[class = positive]	1,0	0,034482758620689655		0,27137546468401486	0,7286245353159851	1,0	0,27137546468401486	0,2644927536231884	0,9746376811594203	0,0067081495484141995
[age = (33.35203235077827 , 83.0)]	?	?	[class = positive]	1,0	0,034482758620689655		0,27137546468401486	0,7286245353159851	1,0	0,27137546468401486	0,2644927536231884	0,9746376811594203	0,0067081495484141995
[age = (33.181738640439974 , 83.0)]	?	?	[class = positive]	1,0	0,034482758620689655		0,27137546468401486	0,7286245353159851	1,0	0,27137546468401486	0,2644927536231884	0,9746376811594203	0,0067081495484141995
[age = (47.729809492698124 , 56.374333901605326)]	?	[positive = (8.335133121219945 , 17.15184420505321)]	[class = positive]	0,136986301369863	1,0		1,0	0,0	0,7631578947368421	1,0	0,036231884057971016	0,036231884057971016	0,026648813274522162
[age = (40.91310509610772 , 83.0)]	?	?	[class = positive]	0,9452054794520548	0,17733990147783252		0,2923728813559322	0,7076271186440678	0,9	0,2923728813559322	0,25	0,855072463768116	0,023839529510607
[age = (42.824840539192515 , 69.68799008848262)]	?	?	[class = positive]	0,8082191780821918	0,3054187192118227		0,295	0,705	0,8157894736842105	0,295	0,213768115942029	0,7246376811594203	0,022106700273051866
[age = (45.35125237547663 , 67.21168191094927)]	?	[positive = (8.40366653960497 , 22.270060149622356)]	[class = positive]	0,2328767123287671	0,9655172413793104		0,7083333333333334	0,2916666666666667	0,7777777777777778	0,7083333333333334	0,06159420289855073	0,08695652173913043	0,038594833018273475
[age = (40.379461949753605 , 65.03489166262874)]	?	?	[class = positive]	0,821917808219178	0,2955665024630542		0,2955665024630542	0,7044334975369458	0,821917808219178	0,2955665024630542	0,21739130434782608	0,7355072463768116	0,022854967443814295
[age = (39.587146360910744 , 69.96395779549529)]	?	[positive = (4.718984096150647 , 26.96850151850709)]	[class = positive]	0,4383561643835616	0,8817733990147784		0,5714285714285714	0,42857142857142855	0,8136363636363636	0,5714285714285714	0,11594202898550725	0,2028985507246377	0,06227683259819365
[age = (46.385786770494384 , 73.6327716369617)]	?	[positive = (8.215880508726979 , 23.430151101285183)]	[class = positive]	0,2465753424657534	0,9605911330049262		0,6923076923076923	0,3076923076923077	0,78	0,6923076923076923	0,06521739130434782	0,09420289855072464	0,040301407267380795
[age = (37.13931205937108 , 83.0)]	?	?	[class = positive]	0,9726027397260274	0,09852216748768473		0,2795275590551181	0,7204724409448819	0,9090909090909091	0,2795275590551181	0,2572463768115942	0,9202898550724637	0,013836378911993241
[age = (39.57310127048447 , 83.0)]	?	[positive = (3.7329198908874677 , 52.0)]	[class = positive]	0,4931506849315068	0,8374384236453202		0,5217391304347826	0,4782608695652174	0,821256038647343	0,5217391304347826	0,13043478260869565	0,25	0,06431159420289854
[age = (36.03443317585763 , 72.81534658245391)]	?	[positive = (1.1431031367873157 , 52.0)]	[class = positive]	0,6301369863013698	0,6995073891625616		0,42990654205607476	0,5700934579439252	0,8402366863905325	0,42990654205607476	0,16666666666666666	0,38768115942028986	0,06412780928376391
[age = (41.15696965860171 , 69.67393192900343)]	?	[positive = (2.842817115636425 , 49.99018582652968)]	[class = positive]	0,5342465753424658	0,812807881773399		0,5064935064935064	0,4935064935064935	0,8291457286432161	0,5064935064935064	0,14130434782608695	0,27898550724637683	0,06751470279353075
[age = (40.65956521541498 , 83.0)]	?	?	[class = positive]	0,9452054794520548	0,17733990147783252		0,2923728813559322	0,7076271186440678	0,9	0,2923728813559322	0,25	0,855072463768116	0,023839529510607
[age = (33.07131289798338 , 74.49651230079999)]	?	[positive = (1.5441472391181086 , 52.0)]	[class = positive]	0,6438356164383562	0,6847290640394089		0,42342342342342343	0,5765765765765766	0,8424242424242424	0,42342342342342343	0,17028985507246377	0,40217391304347827	0,06391776937618147
[age = (47.61074901435642 , 71.86398720259808)]	?	[positive = (7.83443702485485 , 16.068628708136117)]	[class = positive]	0,2054794520547945	0,9704433497536946		0,7142857142857143	0,2857142857142857	0,7725490196078432	0,7142857142857143	0,05434782608695652	0,07608695652173914	0,03422337744171392
[age = (30.205192161684487 , 83.0)]	?	[positive = (1.8422684534944749 , 52.0)]	[class = positive]	0,6575342465753424	0,6650246305418719		0,41379310344827586	0,5862068965517241	0,84375	0,41379310344827586	0,17391304347826086	0,42028985507246375	0,06274942239025415
[age = (33.11779131515304 , 83.0)]	?	?	[class = positive]	1,0	0,034482758620689655		0,27137546468401486	0,7286245353159851	1,0	0,27137546468401486	0,2644927536231884	0,9746376811594203	0,0067081495484141995
[age = (42.97162809827471 , 69.86902717134183)]	?	?	[class = positive]	0,8082191780821918	0,3054187192118227		0,295	0,705	0,8157894736842105	0,295	0,213768115942029	0,7246376811594203	0,022106700273051866
[age = (35.80231671155843 , 69.11079625725449)]	?	[positive = (4.458383004770244 , 52.0)]	[class = positive]	0,4794520547945205	0,8571428571428571		0,546875	0,453125	0,8207547169811321	0,546875	0,12681159420289856	0,2318840579710145	0,06547994118882589
[age = (40.72636078923898 , 83.0)]	?	[positive = (0.5468752313150577 , 31.28726116487765)]	[class = positive]	0,7123287671232876	0,6206896551724138		0,40310077519379844	0,5968992248062015	0,8571428571428571	0,40310077519379844	0,18840579710144928	0,4673913043478261	0,06478418399495904
[age = (42.25990488442732 , 67.12813324010689)]	?	?	[class = positive]	0,7945205479452054	0,3251231527093596		0,29743589743589743	0,7025641025641025	0,8148148148148148	0,29743589743589743	0,21014492753623187	0,7065217391304348	0,023275047258979192
[age = (38.09896976494303 , 83.0)]	?	?	[class = positive]	0,958904109589041	0,13793103448275862		0,2857142857142857	0,7142857142857143	0,9032258064516129	0,2857142857142857	0,2536231884057971	0,8876811594202898	0,018837954211300162
[age = (33.0801606456593 , 75.90494776887664)]	?	[positive = (1.6110584243389146 , 52.0)]	[class = positive]	0,6438356164383562	0,6847290640394089		0,42342342342342343	0,5765765765765766	0,8424242424242424	0,42342342342342343	0,17028985507246377	0,40217391304347827	0,06391776937618147
[age = (47.11887344041849 , 80.81245061205152)]	?	[positive = (7.432993926278698 , 35.24810595292834)]	[class = positive]	0,2876712328767123	0,9408866995073891		0,6363636363636364	0,36363636363636365	0,7860082304526749	0,6363636363636364	0,07608695652173914	0,11956521739130435	0,044462822936357914
[age = (37.08992744271744 , 83.0)]	?	?	[class = positive]	0,9726027397260274	0,09852216748768473		0,2795275590551181	0,7204724409448819	0,9090909090909091	0,2795275590551181	0,2572463768115942	0,9202898550724637	0,013836378911993241
[age = (40.073995267455935 , 65.78580554583701)]	?	?	[class = positive]	0,821917808219178	0,2955665024630542		0,2955665024630542	0,7044334975369458	0,821917808219178	0,2955665024630542	0,21739130434782608	0,7355072463768116	0,022854967443814295
[age = (40.31488910113404 , 63.630277601184204)]	?	?	[class = positive]	0,7808219178082192	0,3448275862068966		0,3	0,7	0,813953488372093	0,3	0,20652173913043478	0,6884057971014492	0,024443394244906547
[age = (47.625483223622744 , 56.76076050906005)]	?	[positive = (8.177419820052437 , 15.73152355835558)]	[class = positive]	0,136986301369863	1,0		1,0	0,0	0,7631578947368421	1,0	0,036231884057971016	0,036231884057971016	0,026648813274522162
[age = (33.049542748248214 , 74.73298802385645)]	?	[positive = (2.1492335374382168 , 52.0)]	[class = positive]	0,6027397260273972	0,7487684729064039		0,4631578947368421	0,5368421052631579	0,8397790055248618	0,4631578947368421	0,15942028985507245	0,3442028985507246	0,06838111741230833
[age = (36.480604071845725 , 83.0)]	?	[positive = (3.1793772831068936 , 52.0)]	[class = positive]	0,5068493150684932	0,8177339901477833		0,5	0,5	0,8217821782178217	0,5	0,13405797101449277	0,26811594202898553	0,06314324721697123
[age = (40.010024918852054 , 83.0)]	?	?	[class = positive]	0,9452054794520548	0,17733990147783252		0,2923728813559322	0,7076271186440678	0,9	0,2923728813559322	0,25	0,855072463768116	0,023839529510607
[age = (37.06176213661924 , 83.0)]	?	?	[class = positive]	0,9726027397260274	0,09852216748768473		0,2795275590551181	0,7204724409448819	0,9090909090909091	0,2795275590551181	0,2572463768115942	0,9202898550724637	0,013836378911993241
[age = (40.988509321108005 , 72.98564214033189)]	?	?	[class = positive]	0,9178082191780822	0,2019704433497537		0,2925764192139738	0,7074235807860262	0,8723404255319149	0,2925764192139738	0,2427536231884058	0,8297101449275363	0,02330130224742699
[age = (39.15401998128551 , 73.31769032210883)]	?	[positive = (2.4783018839825837 , 52.0)]	[class = positive]	0,5753424657534246	0,7881773399014779		0,49411764705882355	0,5058823529411764	0,837696335078534	0,49411764705882355	0,15217391304347827	0,3079710144927536	0,070717811384163
[age = (38.19369001454652 , 81.15326596185372)]	?	[positive = (4.571235544311008 , 52.0)]	[class = positive]	0,4657534246575342	0,8620689655172413		0,5483870967741935	0,45161290322580644	0,8177570093457944	0,5483870967741935	0,12318840579710146	0,2246376811594203	0,06377336693971855
[age = (45.48486471552873 , 82.81422845502175)]	?	[positive = (8.666007628553551 , 17.909060101809796)]	[class = positive]	0,1917808219178082	0,9802955665024631		0,7777777777777778	0,2222222222222222	0,7713178294573644	0,7777777777777778	0,050724637681159424	0,06521739130434782	0,033475110270951486
[age = (33.016498893282126 , 83.0)]	?	?	[class = positive]	1,0	0,034482758620689655		0,27137546468401486	0,7286245353159851	1,0	0,27137546468401486	0,2644927536231884	0,9746376811594203	0,0067081495484141995
[age = (42.462281829372614 , 70.13194757686401)]	?	?	[class = positive]	0,8356164383561644	0,28078817733990147		0,2946859903381642	0,7053140096618358	0,8260869565217391	0,2946859903381642	0,2210144927536232	0,75	0,0226449275362319
[age = (37.04437938363992 , 83.0)]	?	?	[class = positive]	0,9726027397260274	0,09852216748768473		0,2795275590551181	0,7204724409448819	0,9090909090909091	0,2795275590551181	0,2572463768115942	0,9202898550724637	0,013836378911993241
[age = (37.027543837015635 , 79.53328526933876)]	?	[positive = (2.7306971024483015 , 52.0)]	[class = positive]	0,589041095890411	0,7635467980295566		0,4725274725274725	0,5274725274725275	0,8378378378378378	0,4725274725274725	0,15579710144927536	0,32971014492753625	0,06859115731989077
[age = (40.03707622665132 , 80.32206888666133)]	?	[positive = (8.35437094387093 , 52.0)]	[class = positive]	0,3424657534246575	0,9261083743842364		0,625	0,375	0,7966101694915254	0,625	0,09057971014492754	0,14492753623188406	0,052247427011132115
[age = (41.784235382312936 , 62.4268965609195)]	?	[positive = (7.707992963667532 , 35.397102969201974)]	[class = positive]	0,2876712328767123	0,9408866995073891		0,6363636363636364	0,36363636363636365	0,7860082304526749	0,6363636363636364	0,07608695652173914	0,11956521739130435	0,044462822936357914
[age = (35.41780759276964 , 83.0)]	?	[positive = (0.37047815154933694 , 52.0)]	[class = positive]	0,7534246575342466	0,5665024630541872		0,38461538461538464	0,6153846153846154	0,8646616541353384	0,38461538461538464	0,19927536231884058	0,5181159420289855	0,06223745011552195
[age = (48.29307560807851 , 66.87193194402397)]	?	[positive = (9.335420545794895 , 43.210475305039495)]	[class = positive]	0,2054794520547945	0,9704433497536946		0,7142857142857143	0,2857142857142857	0,7725490196078432	0,7142857142857143	0,05434782608695652	0,07608695652173914	0,03422337744171392
[age = (37.010813688430886 , 83.0)]	?	?	[class = positive]	0,9726027397260274	0,09852216748768473		0,2795275590551181	0,7204724409448819	0,9090909090909091	0,2795275590551181	0,2572463768115942	0,9202898550724637	0,013836378911993241
[age = (42.169547344885174 , 63.49833817747731)]	?	[positive = (8.978053881517852 , 27.11190406163364)]	[class = positive]	0,273972602739726	0,9507389162561576		0,6666666666666666	0,3333333333333333	0,7845528455284553	0,6666666666666666	0,07246376811594203	0,10869565217391304	0,043714555765595464
[age = (36.60065369535482 , 73.68513083033722)]	?	[positive = (2.2406688408593483 , 52.0)]	[class = positive]	0,589041095890411	0,7635467980295566		0,4725274725274725	0,5274725274725275	0,8378378378378378	0,4725274725274725	0,15579710144927536	0,32971014492753625	0,06859115731989077
[age = (47.90361259292072 , 79.54771857507018)]	?	[positive = (7.967791514751738 , 39.83800282191585)]	[class = positive]	0,2876712328767123	0,9408866995073891		0,6363636363636364	0,36363636363636365	0,7860082304526749	0,6363636363636364	0,07608695652173914	0,11956521739130435	0,044462822936357914
[age = (43.10171952120409 , 71.60328643921369)]	?	[positive = (6.369778670510982 , 37.740091549352215)]	[class = positive]	0,3698630136986301	0,9064039408866995		0,5869565217391305	0,41304347826086957	0,8	0,5869565217391305	0,09782608695652174	0,16666666666666666	0,05374396135265701
[age = (43.82863295166926 , 71.82883737468289)]	?	[positive = (8.382711323907433 , 48.2027549721197)]	[class = positive]	0,3150684931506849	0,9359605911330049		0,6388888888888888	0,3611111111111111	0,7916666666666666	0,6388888888888888	0,08333333333333333	0,13043478260869565	0,048834278512917446
[age = (43.88666215695967 , 75.75918843892921)]	?	[positive = (9.806469217207193 , 25.67789362302269)]	[class = positive]	0,2602739726027397	0,9556650246305419		0,6785714285714286	0,32142857142857145	0,782258064516129	0,6785714285714286	0,06884057971014493	0,10144927536231885	0,04200798151648813
[age = (43.535114834916676 , 76.04320216716071)]	?	[positive = (9.802797303681652 , 25.417965081921423)]	[class = positive]	0,2602739726027397	0,9556650246305419		0,6785714285714286	0,32142857142857145	0,782258064516129	0,6785714285714286	0,06884057971014493	0,10144927536231885	0,04200798151648813
[age = (37.00610388696688 , 83.0)]	?	?	[class = positive]	0,9726027397260274	0,09852216748768473		0,2795275590551181	0,7204724409448819	0,9090909090909091	0,2795275590551181	0,2572463768115942	0,9202898550724637	0,013836378911993241
[age = (42.1231729001041 , 69.97885838838478)]	?	?	[class = positive]	0,8082191780821918	0,3054187192118227		0,295	0,705	0,8157894736842105	0,295	0,213768115942029	0,7246376811594203	0,022106700273051866
[age = (42.92681780925695 , 80.10525581286116)]	?	[positive = (2.6346082997239773 , 52.0)]	[class = positive]	0,5616438356164384	0,7980295566502463		0,5	0,5	0,8350515463917526	0,5	0,14855072463768115	0,2971014492753623	0,06996954421340054
[age = (42.40658776681195 , 83.0)]	?	[positive = (8.500246587113407 , 37.97704933579463)]	[class = positive]	0,3150684931506849	0,9359605911330049		0,6388888888888888	0,3611111111111111	0,7916666666666666	0,6388888888888888	0,08333333333333333	0,13043478260869565	0,048834278512917446
[age = (41.015797158298874 , 78.21113434012908)]	?	[positive = (4.829585318812622 , 52.0)]	[class = positive]	0,4520547945205479	0,8719211822660099		0,559322033898305	0,4406779661016949	0,815668202764977	0,559322033898305	0,11956521739130435	0,213768115942029	0,0630250997689561
[age = (44.561911789577394 , 75.43055279334548)]	?	[positive = (8.64624270907099 , 51.73217022199618)]	[class = positive]	0,2876712328767123	0,9408866995073891		0,6363636363636364	0,36363636363636365	0,7860082304526749	0,6363636363636364	0,07608695652173914	0,11956521739130435	0,044462822936357914
[age = (33.55334640613812 , 83.0)]	[year = (58.0 , 69.0)]	?	[class = positive]	1,0	0,034482758620689655		0,27137546468401486	0,7286245353159851	1,0	0,27137546468401486	0,2644927536231884	0,9746376811594203	0,0067081495484141995
[age = (32.63144859185766 , 83.0)]	?	[positive = (0.00852633172392725 , 52.0)]	[class = positive]	0,7671232876712328	0,541871921182266		0,37583892617449666	0,6241610738255033	0,8661417322834646	0,37583892617449666	0,2028985507246377	0,5398550724637681	0,06011079605124975
[age = (39.85779507000457 , 62.32919925478681)]	?	[positive = (4.689257383257094 , 45.830525936071254)]	[class = positive]	0,3972602739726027	0,8916256157635468		0,5686274509803921	0,43137254901960786	0,8044444444444444	0,5686274509803921	0,10507246376811594	0,18478260869565216	0,05619880277252678
[age = (39.39636287134282 , 83.0)]	?	[positive = (0.18092900795345912 , 52.0)]	[class = positive]	0,7397260273972602	0,6108374384236454		0,40601503759398494	0,5939849624060151	0,8671328671328671	0,40601503759398494	0,1956521739130435	0,48188405797101447	0,06819733249317372
[age = (40.90300584640933 , 81.03968274662698)]	?	[positive = (8.622533589602611 , 52.0)]	[class = positive]	0,3424657534246575	0,9261083743842364		0,625	0,375	0,7966101694915254	0,625	0,09057971014492754	0,14492753623188406	0,052247427011132115
[age = (38.03808098974744 , 83.0)]	?	?	[class = positive]	0,958904109589041	0,13793103448275862		0,2857142857142857	0,7142857142857143	0,9032258064516129	0,2857142857142857	0,2536231884057971	0,8876811594202898	0,018837954211300162
[age = (38.91707456477192 , 82.88996949348127)]	?	[positive = (4.908999183230578 , 52.0)]	[class = positive]	0,4657534246575342	0,8620689655172413		0,5483870967741935	0,45161290322580644	0,8177570093457944	0,5483870967741935	0,12318840579710146	0,2246376811594203	0,06377336693971855
[age = (38.816658215548216 , 77.75286246823774)]	?	[positive = (8.079343203912199 , 52.0)]	[class = positive]	0,3424657534246575	0,9261083743842364		0,625	0,375	0,7966101694915254	0,625	0,09057971014492754	0,14492753623188406	0,052247427011132115
[age = (33.0042848863322 , 83.0)]	?	?	[class = positive]	1,0	0,034482758620689655		0,27137546468401486	0,7286245353159851	1,0	0,27137546468401486	0,2644927536231884	0,9746376811594203	0,0067081495484141995
[age = (40.40367996839616 , 63.681753777893206)]	?	?	[class = positive]	0,7808219178082192	0,3448275862068966		0,3	0,7	0,813953488372093	0,3	0,20652173913043478	0,6884057971014492	0,024443394244906547
[age = (44.11433318155002 , 54.94929109990615)]	?	[positive = (8.508455004102432 , 38.01372256095027)]	[class = positive]	0,1643835616438356	0,9852216748768473		0,8	0,2	0,7662835249042146	0,8	0,043478260869565216	0,05434782608695652	0,029103654694391932
[age = (40.704335052032235 , 70.30309176674561)]	?	?	[class = positive]	0,9041095890410958	0,22167487684729065		0,29464285714285715	0,7053571428571429	0,8653846153846154	0,29464285714285715	0,2391304347826087	0,8115942028985508	0,024469649233354318
[age = (36.437434001748905 , 83.0)]	?	[positive = (3.6947210658709664 , 52.0)]	[class = positive]	0,5068493150684932	0,8177339901477833		0,5	0,5	0,8217821782178217	0,5	0,13405797101449277	0,26811594202898553	0,06314324721697123
[age = (40.77736937260296 , 69.93155637197785)]	?	[positive = (0.9737917785184723 , 41.7349657490782)]	[class = positive]	0,684931506849315	0,6502463054187192		0,4132231404958678	0,5867768595041323	0,8516129032258064	0,4132231404958678	0,18115942028985507	0,4384057971014493	0,06520426381012392
[age = (37.04996098007894 , 79.78793682855797)]	?	[positive = (8.82435346888288 , 52.0)]	[class = positive]	0,3561643835616438	0,9211822660098522		0,6190476190476191	0,38095238095238093	0,7991452991452992	0,6190476190476191	0,09420289855072464	0,15217391304347827	0,05395400126023944
[age = (47.80521573081135 , 56.292710785370474)]	?	[positive = (8.156333526440282 , 16.863641767227676)]	[class = positive]	0,136986301369863	1,0		1,0	0,0	0,7631578947368421	1,0	0,036231884057971016	0,036231884057971016	0,026648813274522162
[age = (42.15606817590725 , 67.30532656250773)]	?	?	[class = positive]	0,7945205479452054	0,3251231527093596		0,29743589743589743	0,7025641025641025	0,8148148148148148	0,29743589743589743	0,21014492753623187	0,7065217391304348	0,023275047258979192
[age = (47.74698651837314 , 56.27057586112788)]	?	[positive = (8.193332553773594 , 16.9156906748631)]	[class = positive]	0,136986301369863	1,0		1,0	0,0	0,7631578947368421	1,0	0,036231884057971016	0,036231884057971016	0,026648813274522162
?	[year = (59.561415803351345 , 62.272493206791204)]	?	[class = negative]	0,2660098522167488	0,8493150684931506		0,8307692307692308	0,16923076923076924	0,2938388625592417	0,8307692307692308	0,1956521739130435	0,23550724637681159	0,022434887628649453
?	[year = (59.766419999132886 , 61.43691195428113)]	?	[class = negative]	0,19704433497536947	0,9315068493150684		0,8888888888888888	0,1111111111111111	0,2943722943722944	0,8888888888888888	0,14492753623188406	0,16304347826086957	0,02500787649653434
?	[year = (59.146618111508616 , 61.6338372015733)]	?	[class = negative]	0,19704433497536947	0,9315068493150684		0,8888888888888888	0,1111111111111111	0,2943722943722944	0,8888888888888888	0,14492753623188406	0,16304347826086957	0,02500787649653434
[age = (34.51052499635311 , 38.13759977322064)]	[year = (58.62522448841395 , 68.40488500204107)]	?	[class = negative]	0,07389162561576355	1,0		1,0	0,0	0,2796934865900383	1,0	0,05434782608695652	0,05434782608695652	0,014374606175173277
?	?	[positive = (0.0 , 0.6181727768037728)]	[class = negative]	0,5221674876847291	0,7671232876712328		0,8617886178861789	0,13821138211382114	0,3660130718954248	0,8617886178861789	0,38405797101449274	0,44565217391304346	0,05627756773787018
?	?	[positive = (0.0 , 13.007184205406029)]	[class = negative]	0,9310344827586207	0,2054794520547945		0,7651821862348178	0,23481781376518218	0,5172413793103449	0,7651821862348178	0,6847826086956522	0,894927536231884	0,026556920814954865
[age = (30.0 , 42.47531320037071)]	?	?	[class = negative]	0,23645320197044334	0,8767123287671232		0,8421052631578947	0,15789473684210525	0,2922374429223744	0,8421052631578947	0,17391304347826086	0,20652173913043478	0,022014807813484555
?	?	[positive = (0.0 , 5.001041804675894)]	[class = negative]	0,8374384236453202	0,4520547945205479		0,8095238095238095	0,19047619047619047	0,5	0,8095238095238095	0,6159420289855072	0,7608695652173914	0,05631695022054184
?	?	[positive = (0.0 , 4.573414513300815)]	[class = negative]	0,8275862068965517	0,4931506849315068		0,8195121951219512	0,18048780487804877	0,5070422535211268	0,8195121951219512	0,6086956521739131	0,7427536231884058	0,0623949800462088
?	[year = (59.502730121854505 , 62.07452575935454)]	?	[class = negative]	0,2660098522167488	0,8493150684931506		0,8307692307692308	0,16923076923076924	0,2938388625592417	0,8307692307692308	0,1956521739130435	0,23550724637681159	0,022434887628649453
?	?	[positive = (0.0 , 1.2312424142260714)]	[class = negative]	0,6600985221674877	0,6575342465753424		0,8427672955974843	0,15723270440251572	0,41025641025641024	0,8427672955974843	0,4855072463768116	0,5760869565217391	0,06179111531190923
[age = (34.48205122295555 , 38.021123956691696)]	[year = (58.253200862392106 , 68.54932663955356)]	?	[class = negative]	0,07389162561576355	1,0		1,0	0,0	0,2796934865900383	1,0	0,05434782608695652	0,05434782608695652	0,014374606175173277
?	?	[positive = (0.0 , 14.94083964098652)]	[class = negative]	0,9458128078817734	0,1917808219178082		0,7649402390438247	0,2350597609561753	0,56	0,7649402390438247	0,6956521739130435	0,9094202898550725	0,026766960722537148
[age = (30.0 , 41.26572290368597)]	?	?	[class = negative]	0,20689655172413793	0,9041095890410958		0,8571428571428571	0,14285714285714285	0,2907488986784141	0,8571428571428571	0,15217391304347827	0,17753623188405798	0,021594727998319685
?	?	[positive = (0.0 , 1.5123192284272258)]	[class = negative]	0,6600985221674877	0,6575342465753424		0,8427672955974843	0,15723270440251572	0,41025641025641024	0,8427672955974843	0,4855072463768116	0,5760869565217391	0,06179111531190923
[age = (30.0 , 64.20933072839124)]	?	[positive = (0.0 , 0.99579894515646)]	[class = negative]	0,41379310344827586	0,821917808219178		0,865979381443299	0,13402061855670103	0,33519553072625696	0,865979381443299	0,30434782608695654	0,35144927536231885	0,045854337324091554
?	?	[positive = (0.0 , 7.462356428462343)]	[class = negative]	0,8768472906403941	0,3972602739726027		0,8018018018018018	0,1981981981981982	0,5370370370370371	0,8018018018018018	0,644927536231884	0,8043478260869565	0,05332388153749201
[age = (34.171932071855665 , 76.59695336061898)]	?	[positive = (0.0 , 0.504434965957734)]	[class = negative]	0,5073891625615764	0,7808219178082192		0,865546218487395	0,13445378151260504	0,3630573248407643	0,865546218487395	0,37318840579710144	0,4311594202898551	0,05606752783028773
?	?	[positive = (0.0 , 5.053029447715545)]	[class = negative]	0,8374384236453202	0,4520547945205479		0,8095238095238095	0,19047619047619047	0,5	0,8095238095238095	0,6159420289855072	0,7608695652173914	0,05631695022054184
?	[year = (59.8293859127386 , 62.924846515140175)]	?	[class = negative]	0,2660098522167488	0,8493150684931506		0,8307692307692308	0,16923076923076924	0,2938388625592417	0,8307692307692308	0,1956521739130435	0,23550724637681159	0,022434887628649453
?	[year = (59.814337165329526 , 62.91548713959237)]	?	[class = negative]	0,2660098522167488	0,8493150684931506		0,8307692307692308	0,16923076923076924	0,2938388625592417	0,8307692307692308	0,1956521739130435	0,23550724637681159	0,022434887628649453
?	?	[positive = (0.0 , 19.3985979984636)]	[class = negative]	0,9655172413793104	0,1232876712328767		0,7538461538461538	0,24615384615384617	0,5625	0,7538461538461538	0,7101449275362319	0,9420289855072463	0,017275782398655792
?	?	[positive = (0.0 , 5.550684103278279)]	[class = negative]	0,8374384236453202	0,4520547945205479		0,8095238095238095	0,19047619047619047	0,5	0,8095238095238095	0,6159420289855072	0,7608695652173914	0,05631695022054184
?	[year = (59.991316340897356 , 61.8871517032762)]	?	[class = negative]	0,19704433497536947	0,9315068493150684		0,8888888888888888	0,1111111111111111	0,2943722943722944	0,8888888888888888	0,14492753623188406	0,16304347826086957	0,02500787649653434
?	[year = (59.53337553964634 , 62.24821797530925)]	?	[class = negative]	0,2660098522167488	0,8493150684931506		0,8307692307692308	0,16923076923076924	0,2938388625592417	0,8307692307692308	0,1956521739130435	0,23550724637681159	0,022434887628649453
?	?	[positive = (0.0 , 5.714905100589641)]	[class = negative]	0,8374384236453202	0,4520547945205479		0,8095238095238095	0,19047619047619047	0,5	0,8095238095238095	0,6159420289855072	0,7608695652173914	0,05631695022054184
?	[year = (59.123563234639406 , 61.04060695636706)]	?	[class = negative]	0,19704433497536947	0,9315068493150684		0,8888888888888888	0,1111111111111111	0,2943722943722944	0,8888888888888888	0,14492753623188406	0,16304347826086957	0,02500787649653434
?	?	[positive = (0.0 , 11.805364315335993)]	[class = negative]	0,9211822660098522	0,2602739726027397		0,7759336099585062	0,22406639004149378	0,5428571428571428	0,7759336099585062	0,677536231884058	0,8731884057971014	0,03529983196807396
[age = (42.240093885795 , 78.40095232579239)]	?	[positive = (0.0 , 0.13439240406617614)]	[class = negative]	0,4088669950738916	0,8356164383561644		0,8736842105263158	0,12631578947368421	0,3370165745856354	0,8736842105263158	0,3007246376811594	0,3442028985507246	0,047560911573198916
?	?	[positive = (0.0 , 9.770809376925179)]	[class = negative]	0,9113300492610837	0,3150684931506849		0,7872340425531915	0,2127659574468085	0,5609756097560976	0,7872340425531915	0,6702898550724637	0,8514492753623188	0,04404274312119294
?	?	[positive = (0.0 , 13.28976431798781)]	[class = negative]	0,9310344827586207	0,2054794520547945		0,7651821862348178	0,23481781376518218	0,5172413793103449	0,7651821862348178	0,6847826086956522	0,894927536231884	0,026556920814954865
?	?	[positive = (0.0 , 6.431155659174941)]	[class = negative]	0,8522167487684729	0,4246575342465753		0,8046511627906977	0,19534883720930232	0,5081967213114754	0,8046511627906977	0,6268115942028986	0,7789855072463768	0,053862108800672104
?	[year = (59.107177920313056 , 61.0009849223497)]	?	[class = negative]	0,19704433497536947	0,9315068493150684		0,8888888888888888	0,1111111111111111	0,2943722943722944	0,8888888888888888	0,14492753623188406	0,16304347826086957	0,02500787649653434
?	?	[positive = (0.0 , 3.26617831454476)]	[class = negative]	0,7931034482758621	0,5205479452054794		0,8214285714285714	0,17857142857142858	0,475	0,8214285714285714	0,5833333333333334	0,7101449275362319	0,06101659315269903
?	?	[positive = (0.0 , 3.844309547078332)]	[class = negative]	0,7931034482758621	0,5205479452054794		0,8214285714285714	0,17857142857142858	0,475	0,8214285714285714	0,5833333333333334	0,7101449275362319	0,06101659315269903
?	?	[positive = (0.0 , 1.7983053135545803)]	[class = negative]	0,6600985221674877	0,6575342465753424		0,8427672955974843	0,15723270440251572	0,41025641025641024	0,8427672955974843	0,4855072463768116	0,5760869565217391	0,06179111531190923
?	[year = (59.629103136637376 , 61.69374612777136)]	?	[class = negative]	0,19704433497536947	0,9315068493150684		0,8888888888888888	0,1111111111111111	0,2943722943722944	0,8888888888888888	0,14492753623188406	0,16304347826086957	0,02500787649653434
?	?	[positive = (0.0 , 19.924967694823998)]	[class = negative]	0,9655172413793104	0,1232876712328767		0,7538461538461538	0,24615384615384617	0,5625	0,7538461538461538	0,7101449275362319	0,9420289855072463	0,017275782398655792
?	?	[positive = (0.0 , 20.416040996469576)]	[class = negative]	0,9704433497536946	0,1095890410958904		0,7519083969465649	0,2480916030534351	0,5714285714285714	0,7519083969465649	0,7137681159420289	0,9492753623188406	0,01556920814954832
?	?	[positive = (0.0 , 22.108190720231832)]	[class = negative]	0,9802955665024631	0,0821917808219178		0,7481203007518797	0,2518796992481203	0,6	0,7481203007518797	0,7210144927536232	0,9637681159420289	0,012156059651333706
?	[year = (59.79533599920671 , 62.30371320428516)]	?	[class = negative]	0,2660098522167488	0,8493150684931506		0,8307692307692308	0,16923076923076924	0,2938388625592417	0,8307692307692308	0,1956521739130435	0,23550724637681159	0,022434887628649453
?	?	[positive = (0.0 , 12.88989011434581)]	[class = negative]	0,9261083743842364	0,2465753424657534		0,7736625514403292	0,22633744855967078	0,5454545454545454	0,7736625514403292	0,6811594202898551	0,8804347826086957	0,033593257718966596
[age = (34.63902514201189 , 38.369081191145504)]	[year = (58.64303700172377 , 68.70131799172177)]	?	[class = negative]	0,07389162561576355	1,0		1,0	0,0	0,2796934865900383	1,0	0,05434782608695652	0,05434782608695652	0,014374606175173277
?	?	[positive = (0.0 , 7.555653837649273)]	[class = negative]	0,8768472906403941	0,3972602739726027		0,8018018018018018	0,1981981981981982	0,5370370370370371	0,8018018018018018	0,644927536231884	0,8043478260869565	0,05332388153749201
[age = (34.65457499583605 , 38.397328812982735)]	[year = (58.64519215030003 , 68.73718361603527)]	?	[class = negative]	0,07389162561576355	1,0		1,0	0,0	0,2796934865900383	1,0	0,05434782608695652	0,05434782608695652	0,014374606175173277
[age = (32.07148124940912 , 61.13285782976697)]	[year = (59.626070860940004 , 62.1935019154098)]	[positive = (0.0 , 26.661376476869165)]	[class = negative]	0,21674876847290642	0,8904109589041096		0,8461538461538461	0,15384615384615385	0,29017857142857145	0,8461538461538461	0,15942028985507245	0,18840579710144928	0,0208464608275572
?	[year = (59.11727510033476 , 62.580426155545695)]	?	[class = negative]	0,2660098522167488	0,8493150684931506		0,8307692307692308	0,16923076923076924	0,2938388625592417	0,8307692307692308	0,1956521739130435	0,23550724637681159	0,022434887628649453
?	?	[positive = (0.0 , 10.761923739014534)]	[class = negative]	0,916256157635468	0,3013698630136986		0,7848101265822784	0,21518987341772153	0,5641025641025641	0,7848101265822784	0,6739130434782609	0,8586956521739131	0,04233616887208558
?	[year = (59.942527428551905 , 61.77956303936003)]	?	[class = negative]	0,19704433497536947	0,9315068493150684		0,8888888888888888	0,1111111111111111	0,2943722943722944	0,8888888888888888	0,14492753623188406	0,16304347826086957	0,02500787649653434
?	?	[positive = (0.0 , 7.759097919206965)]	[class = negative]	0,8768472906403941	0,3972602739726027		0,8018018018018018	0,1981981981981982	0,5370370370370371	0,8018018018018018	0,644927536231884	0,8043478260869565	0,05332388153749201
?	[year = (59.72623216725581 , 62.71232698401673)]	?	[class = negative]	0,2660098522167488	0,8493150684931506		0,8307692307692308	0,16923076923076924	0,2938388625592417	0,8307692307692308	0,1956521739130435	0,23550724637681159	0,022434887628649453
?	[year = (59.45737258306983 , 61.98181774719317)]	?	[class = negative]	0,19704433497536947	0,9315068493150684		0,8888888888888888	0,1111111111111111	0,2943722943722944	0,8888888888888888	0,14492753623188406	0,16304347826086957	0,02500787649653434
?	?	[positive = (0.0 , 4.911292752657701)]	[class = negative]	0,8275862068965517	0,4931506849315068		0,8195121951219512	0,18048780487804877	0,5070422535211268	0,8195121951219512	0,6086956521739131	0,7427536231884058	0,0623949800462088
?	[year = (59.08245213137198 , 61.20696044437919)]	?	[class = negative]	0,19704433497536947	0,9315068493150684		0,8888888888888888	0,1111111111111111	0,2943722943722944	0,8888888888888888	0,14492753623188406	0,16304347826086957	0,02500787649653434
?	?	[positive = (0.0 , 2.8459225323854014)]	[class = negative]	0,729064039408867	0,6027397260273972		0,8361581920903954	0,1638418079096045	0,4444444444444444	0,8361581920903954	0,5362318840579711	0,6413043478260869	0,06454788909892883
?	?	[positive = (0.0 , 22.510095525900475)]	[class = negative]	0,9802955665024631	0,0821917808219178		0,7481203007518797	0,2518796992481203	0,6	0,7481203007518797	0,7210144927536232	0,9637681159420289	0,012156059651333706
?	?	[positive = (0.0 , 20.829064257736476)]	[class = negative]	0,9704433497536946	0,1095890410958904		0,7519083969465649	0,2480916030534351	0,5714285714285714	0,7519083969465649	0,7137681159420289	0,9492753623188406	0,01556920814954832
?	?	[positive = (0.0 , 10.932972507517068)]	[class = negative]	0,916256157635468	0,3013698630136986		0,7848101265822784	0,21518987341772153	0,5641025641025641	0,7848101265822784	0,6739130434782609	0,8586956521739131	0,04233616887208558
?	[year = (59.14993071270629 , 61.97082195817441)]	?	[class = negative]	0,19704433497536947	0,9315068493150684		0,8888888888888888	0,1111111111111111	0,2943722943722944	0,8888888888888888	0,14492753623188406	0,16304347826086957	0,02500787649653434
[age = (30.0 , 41.679628115462044)]	?	?	[class = negative]	0,20689655172413793	0,9041095890410958		0,8571428571428571	0,14285714285714285	0,2907488986784141	0,8571428571428571	0,15217391304347827	0,17753623188405798	0,021594727998319685
[age = (34.58355964259574 , 38.33595970706418)]	[year = (58.36406363806091 , 68.19401056843563)]	?	[class = negative]	0,07389162561576355	1,0		1,0	0,0	0,2796934865900383	1,0	0,05434782608695652	0,05434782608695652	0,014374606175173277
[age = (34.53932888526838 , 38.18956590135301)]	[year = (58.62810646656765 , 68.4155374085017)]	?	[class = negative]	0,07389162561576355	1,0		1,0	0,0	0,2796934865900383	1,0	0,05434782608695652	0,05434782608695652	0,014374606175173277
?	[year = (59.456438981181314 , 61.98541615688382)]	?	[class = negative]	0,19704433497536947	0,9315068493150684		0,8888888888888888	0,1111111111111111	0,2943722943722944	0,8888888888888888	0,14492753623188406	0,16304347826086957	0,02500787649653434
[age = (30.0 , 78.50006505319995)]	?	[positive = (0.0 , 18.265539646862123)]	[class = negative]	0,9605911330049262	0,1643835616438356		0,76171875	0,23828125	0,6	0,76171875	0,7065217391304348	0,927536231884058	0,024312119302667523
[age = (30.0 , 42.85791643626804)]	?	?	[class = negative]	0,23645320197044334	0,8767123287671232		0,8421052631578947	0,15789473684210525	0,2922374429223744	0,8421052631578947	0,17391304347826086	0,20652173913043478	0,022014807813484555
[age = (34.54759342197276 , 38.204476248167566)]	[year = (58.629588751887006 , 68.4515157003319)]	?	[class = negative]	0,07389162561576355	1,0		1,0	0,0	0,2796934865900383	1,0	0,05434782608695652	0,05434782608695652	0,014374606175173277
?	?	[positive = (0.0 , 5.9916777377500265)]	[class = negative]	0,8374384236453202	0,4520547945205479		0,8095238095238095	0,19047619047619047	0,5	0,8095238095238095	0,6159420289855072	0,7608695652173914	0,05631695022054184
?	?	[positive = (0.0 , 2.8553278102372195)]	[class = negative]	0,729064039408867	0,6027397260273972		0,8361581920903954	0,1638418079096045	0,4444444444444444	0,8361581920903954	0,5362318840579711	0,6413043478260869	0,06454788909892883
?	?	[positive = (0.0 , 6.973922931279753)]	[class = negative]	0,8522167487684729	0,4246575342465753		0,8046511627906977	0,19534883720930232	0,5081967213114754	0,8046511627906977	0,6268115942028986	0,7789855072463768	0,053862108800672104
?	?	[positive = (0.0 , 0.8113289179947216)]	[class = negative]	0,5221674876847291	0,7671232876712328		0,8617886178861789	0,13821138211382114	0,3660130718954248	0,8617886178861789	0,38405797101449274	0,44565217391304346	0,05627756773787018
?	?	[positive = (0.0 , 1.9859842054180423)]	[class = negative]	0,6600985221674877	0,6575342465753424		0,8427672955974843	0,15723270440251572	0,41025641025641024	0,8427672955974843	0,4855072463768116	0,5760869565217391	0,06179111531190923
?	[year = (59.20592207647044 , 62.81370304294542)]	?	[class = negative]	0,2660098522167488	0,8493150684931506		0,8307692307692308	0,16923076923076924	0,2938388625592417	0,8307692307692308	0,1956521739130435	0,23550724637681159	0,022434887628649453
?	?	[positive = (0.0 , 13.532023342696263)]	[class = negative]	0,9310344827586207	0,2054794520547945		0,7651821862348178	0,23481781376518218	0,5172413793103449	0,7651821862348178	0,6847826086956522	0,894927536231884	0,026556920814954865
?	[year = (59.08129947415085 , 62.40962323137082)]	?	[class = negative]	0,2660098522167488	0,8493150684931506		0,8307692307692308	0,16923076923076924	0,2938388625592417	0,8307692307692308	0,1956521739130435	0,23550724637681159	0,022434887628649453
?	[year = (59.00234816958595 , 61.09237953717908)]	?	[class = negative]	0,19704433497536947	0,9315068493150684		0,8888888888888888	0,1111111111111111	0,2943722943722944	0,8888888888888888	0,14492753623188406	0,16304347826086957	0,02500787649653434
?	?	[positive = (0.0 , 22.939969971425185)]	[class = negative]	0,9802955665024631	0,0821917808219178		0,7481203007518797	0,2518796992481203	0,6	0,7481203007518797	0,7210144927536232	0,9637681159420289	0,012156059651333706
?	?	[positive = (0.0 , 11.874233195062146)]	[class = negative]	0,9211822660098522	0,2602739726027397		0,7759336099585062	0,22406639004149378	0,5428571428571428	0,7759336099585062	0,677536231884058	0,8731884057971014	0,03529983196807396
?	?	[positive = (0.0 , 9.914458280416852)]	[class = negative]	0,9113300492610837	0,3150684931506849		0,7872340425531915	0,2127659574468085	0,5609756097560976	0,7872340425531915	0,6702898550724637	0,8514492753623188	0,04404274312119294
?	?	[positive = (0.0 , 8.909615173560525)]	[class = negative]	0,9014778325123153	0,3698630136986301		0,7991266375545851	0,20087336244541484	0,574468085106383	0,7991266375545851	0,6630434782608695	0,8297101449275363	0,05278565427431203
?	?	[positive = (0.0 , 7.95420354582356)]	[class = negative]	0,8768472906403941	0,3972602739726027		0,8018018018018018	0,1981981981981982	0,5370370370370371	0,8018018018018018	0,644927536231884	0,8043478260869565	0,05332388153749201
?	[year = (59.79776360883057 , 62.8958302264159)]	?	[class = negative]	0,2660098522167488	0,8493150684931506		0,8307692307692308	0,16923076923076924	0,2938388625592417	0,8307692307692308	0,1956521739130435	0,23550724637681159	0,022434887628649453
[age = (30.0 , 38.28278391626348)]	[year = (58.0 , 66.87926256942706)]	?	[class = negative]	0,12315270935960591	0,9726027397260274		0,9259259259259259	0,07407407407407407	0,285140562248996	0,9259259259259259	0,09057971014492754	0,09782608695652174	0,0186279143037177
?	?	[positive = (0.0 , 13.665260760408955)]	[class = negative]	0,9310344827586207	0,2054794520547945		0,7651821862348178	0,23481781376518218	0,5172413793103449	0,7651821862348178	0,6847826086956522	0,894927536231884	0,026556920814954865
[age = (34.107378312404656 , 40.17550248961666)]	?	?	[class = negative]	0,12315270935960591	0,9726027397260274		0,9259259259259259	0,07407407407407407	0,285140562248996	0,9259259259259259	0,09057971014492754	0,09782608695652174	0,0186279143037177
[age = (30.657973219555565 , 79.93913171248772)]	[year = (59.98888855825706 , 61.78812424514244)]	?	[class = negative]	0,19704433497536947	0,9315068493150684		0,8888888888888888	0,1111111111111111	0,2943722943722944	0,8888888888888888	0,14492753623188406	0,16304347826086957	0,02500787649653434
?	?	[positive = (0.0 , 13.935906130211858)]	[class = negative]	0,9310344827586207	0,2054794520547945		0,7651821862348178	0,23481781376518218	0,5172413793103449	0,7651821862348178	0,6847826086956522	0,894927536231884	0,026556920814954865
?	[year = (58.0 , 69.0)]	[positive = (0.0 , 2.7568492702900684)]	[class = negative]	0,729064039408867	0,6027397260273972		0,8361581920903954	0,1638418079096045	0,4444444444444444	0,8361581920903954	0,5362318840579711	0,6413043478260869	0,06454788909892883
[age = (30.0 , 44.14208863535557)]	[year = (58.0 , 65.45352551224806)]	?	[class = negative]	0,24630541871921183	0,863013698630137		0,8333333333333334	0,16666666666666666	0,2916666666666667	0,8333333333333334	0,18115942028985507	0,21739130434782608	0,021266540642722098
[age = (34.18905372682249 , 40.32600521597639)]	[year = (58.584101014156296 , 64.01311435735992)]	?	[class = negative]	0,07389162561576355	1,0		1,0	0,0	0,2796934865900383	1,0	0,05434782608695652	0,05434782608695652	0,014374606175173277
[age = (30.0 , 41.84952814867961)]	?	?	[class = negative]	0,20689655172413793	0,9041095890410958		0,8571428571428571	0,14285714285714285	0,2907488986784141	0,8571428571428571	0,15217391304347827	0,17753623188405798	0,021594727998319685
[age = (30.0 , 77.76308686240709)]	?	?	[class = negative]	1,0	0,0273972602739726		0,7408759124087592	0,2591240875912409	1,0	0,7408759124087592	0,7355072463768116	0,9927536231884058	0,00532976265490448
?	?	[positive = (0.0 , 4.9925999567865205)]	[class = negative]	0,8275862068965517	0,4931506849315068		0,8195121951219512	0,18048780487804877	0,5070422535211268	0,8195121951219512	0,6086956521739131	0,7427536231884058	0,0623949800462088
?	?	[positive = (0.0 , 0.8325485630589232)]	[class = negative]	0,5221674876847291	0,7671232876712328		0,8617886178861789	0,13821138211382114	0,3660130718954248	0,8617886178861789	0,38405797101449274	0,44565217391304346	0,05627756773787018
?	[year = (59.63744493434106 , 61.98740256578848)]	?	[class = negative]	0,19704433497536947	0,9315068493150684		0,8888888888888888	0,1111111111111111	0,2943722943722944	0,8888888888888888	0,14492753623188406	0,16304347826086957	0,02500787649653434
[age = (30.0 , 40.25827917880072)]	?	?	[class = negative]	0,17733990147783252	0,9452054794520548		0,9	0,1	0,2923728813559322	0,9	0,13043478260869565	0,14492753623188406	0,023839529510607
[age = (30.0 , 40.51763930082295)]	[year = (58.36711004814526 , 68.81184343528851)]	?	[class = negative]	0,14285714285714285	0,958904109589041		0,90625	0,09375	0,28688524590163933	0,90625	0,10507246376811594	0,11594202898550725	0,019796261289645026
[age = (30.0 , 40.561563636299255)]	?	?	[class = negative]	0,17733990147783252	0,9452054794520548		0,9	0,1	0,2923728813559322	0,9	0,13043478260869565	0,14492753623188406	0,023839529510607
?	?	[positive = (0.0 , 20.85578299025221)]	[class = negative]	0,9704433497536946	0,1095890410958904		0,7519083969465649	0,2480916030534351	0,5714285714285714	0,7519083969465649	0,7137681159420289	0,9492753623188406	0,01556920814954832
?	?	[positive = (0.0 , 19.965532964900454)]	[class = negative]	0,9655172413793104	0,1232876712328767		0,7538461538461538	0,24615384615384617	0,5625	0,7538461538461538	0,7101449275362319	0,9420289855072463	0,017275782398655792
?	[year = (59.034651312161806 , 62.453747880787006)]	?	[class = negative]	0,2660098522167488	0,8493150684931506		0,8307692307692308	0,16923076923076924	0,2938388625592417	0,8307692307692308	0,1956521739130435	0,23550724637681159	0,022434887628649453
[age = (30.0 , 42.959530588601666)]	?	?	[class = negative]	0,23645320197044334	0,8767123287671232		0,8421052631578947	0,15789473684210525	0,2922374429223744	0,8421052631578947	0,17391304347826086	0,20652173913043478	0,022014807813484555
?	[year = (58.26579261355942 , 67.81737484508884)]	[positive = (0.0 , 1.195937404449214)]	[class = negative]	0,541871921182266	0,726027397260274		0,8461538461538461	0,15384615384615385	0,363013698630137	0,8461538461538461	0,39855072463768115	0,47101449275362317	0,052116152068893085
?	[year = (59.31647397751179 , 62.98682282683383)]	?	[class = negative]	0,2660098522167488	0,8493150684931506		0,8307692307692308	0,16923076923076924	0,2938388625592417	0,8307692307692308	0,1956521739130435	0,23550724637681159	0,022434887628649453
?	?	[positive = (0.0 , 11.981995433693484)]	[class = negative]	0,9211822660098522	0,2602739726027397		0,7759336099585062	0,22406639004149378	0,5428571428571428	0,7759336099585062	0,677536231884058	0,8731884057971014	0,03529983196807396
[age = (35.66626503626446 , 82.99999565672752)]	?	[positive = (0.0 , 1.8783406694592273)]	[class = negative]	0,6305418719211823	0,6712328767123288		0,8421052631578947	0,15789473684210525	0,3951612903225806	0,8421052631578947	0,463768115942029	0,5507246376811594	0,058706154169292146
?	[year = (59.122757709601366 , 61.75410108499919)]	?	[class = negative]	0,19704433497536947	0,9315068493150684		0,8888888888888888	0,1111111111111111	0,2943722943722944	0,8888888888888888	0,14492753623188406	0,16304347826086957	0,02500787649653434
?	?	[positive = (0.0 , 22.97931260790383)]	[class = negative]	0,9802955665024631	0,0821917808219178		0,7481203007518797	0,2518796992481203	0,6	0,7481203007518797	0,7210144927536232	0,9637681159420289	0,012156059651333706
?	?	[positive = (0.0 , 0.954621132085947)]	[class = negative]	0,5221674876847291	0,7671232876712328		0,8617886178861789	0,13821138211382114	0,3660130718954248	0,8617886178861789	0,38405797101449274	0,44565217391304346	0,05627756773787018
[age = (30.0 , 40.62614114316297)]	?	?	[class = negative]	0,17733990147783252	0,9452054794520548		0,9	0,1	0,2923728813559322	0,9	0,13043478260869565	0,14492753623188406	0,023839529510607
?	[year = (59.040054829286184 , 62.90997876084627)]	?	[class = negative]	0,2660098522167488	0,8493150684931506		0,8307692307692308	0,16923076923076924	0,2938388625592417	0,8307692307692308	0,1956521739130435	0,23550724637681159	0,022434887628649453
[age = (30.0 , 40.68708251825321)]	?	?	[class = negative]	0,17733990147783252	0,9452054794520548		0,9	0,1	0,2923728813559322	0,9	0,13043478260869565	0,14492753623188406	0,023839529510607
?	?	[positive = (0.0 , 1.9895077962781116)]	[class = negative]	0,6600985221674877	0,6575342465753424		0,8427672955974843	0,15723270440251572	0,41025641025641024	0,8427672955974843	0,4855072463768116	0,5760869565217391	0,06179111531190923
[age = (48.397291430062644 , 82.99229562719702)]	?	[positive = (0.0 , 1.0329838447594923)]	[class = negative]	0,43842364532019706	0,8082191780821918		0,8640776699029126	0,13592233009708737	0,34104046242774566	0,8640776699029126	0,322463768115942	0,37318840579710144	0,04798099138836376
?	?	[positive = (0.0 , 3.9265835985326847)]	[class = negative]	0,7931034482758621	0,5205479452054794		0,8214285714285714	0,17857142857142858	0,475	0,8214285714285714	0,5833333333333334	0,7101449275362319	0,06101659315269903
[age = (30.0 , 41.998066753003286)]	?	?	[class = negative]	0,20689655172413793	0,9041095890410958		0,8571428571428571	0,14285714285714285	0,2907488986784141	0,8571428571428571	0,15217391304347827	0,17753623188405798	0,021594727998319685
[age = (30.555589340155638 , 42.26032824172399)]	[year = (59.082415119345754 , 65.01337767465064)]	?	[class = negative]	0,12315270935960591	0,9726027397260274		0,9259259259259259	0,07407407407407407	0,285140562248996	0,9259259259259259	0,09057971014492754	0,09782608695652174	0,0186279143037177
[age = (30.670821865631055 , 78.38890063933468)]	?	[positive = (0.0 , 8.716239185899752)]	[class = negative]	0,8866995073891626	0,3835616438356164		0,8	0,2	0,5490196078431373	0,8	0,6521739130434783	0,8152173913043478	0,05257561436672964
?	[year = (58.64094516950743 , 69.0)]	[positive = (0.0 , 1.5231976423447477)]	[class = negative]	0,5911330049261084	0,6986301369863014		0,8450704225352113	0,15492957746478872	0,3805970149253731	0,8450704225352113	0,43478260869565216	0,5144927536231884	0,05636946019743749
?	[year = (59.48895805238389 , 62.07422747377931)]	[positive = (0.0 , 52.0)]	[class = negative]	0,2660098522167488	0,8493150684931506		0,8307692307692308	0,16923076923076924	0,2938388625592417	0,8307692307692308	0,1956521739130435	0,23550724637681159	0,022434887628649453
[age = (30.0 , 38.43609049507687)]	[year = (59.28470786753199 , 68.47692850443039)]	?	[class = negative]	0,10837438423645321	0,9863013698630136		0,9565217391304348	0,043478260869565216	0,2845849802371542	0,9565217391304348	0,07971014492753623	0,08333333333333333	0,018417874396135257
[age = (30.0 , 38.410201596854456)]	[year = (59.27973829724149 , 68.4891341897039)]	?	[class = negative]	0,10837438423645321	0,9863013698630136		0,9565217391304348	0,043478260869565216	0,2845849802371542	0,9565217391304348	0,07971014492753623	0,08333333333333333	0,018417874396135257
?	[year = (59.106366086659705 , 61.67682926830721)]	?	[class = negative]	0,19704433497536947	0,9315068493150684		0,8888888888888888	0,1111111111111111	0,2943722943722944	0,8888888888888888	0,14492753623188406	0,16304347826086957	0,02500787649653434
[age = (30.0 , 38.886392070210164)]	[year = (59.37114666884077 , 68.26462749196449)]	?	[class = negative]	0,10837438423645321	0,9863013698630136		0,9565217391304348	0,043478260869565216	0,2845849802371542	0,9565217391304348	0,07971014492753623	0,08333333333333333	0,018417874396135257
[age = (30.81565251474717 , 80.64755360698126)]	[year = (59.9882351304458 , 61.005802346074496)]	?	[class = negative]	0,19704433497536947	0,9315068493150684		0,8888888888888888	0,1111111111111111	0,2943722943722944	0,8888888888888888	0,14492753623188406	0,16304347826086957	0,02500787649653434
[age = (36.93558247006365 , 40.01520574060385)]	[year = (58.0 , 63.15447101640676)]	?	[class = negative]	0,07389162561576355	1,0		1,0	0,0	0,2796934865900383	1,0	0,05434782608695652	0,05434782608695652	0,014374606175173277
[age = (30.0 , 40.79058890786162)]	?	?	[class = negative]	0,17733990147783252	0,9452054794520548		0,9	0,1	0,2923728813559322	0,9	0,13043478260869565	0,14492753623188406	0,023839529510607
[age = (34.36121896360993 , 40.87916849178187)]	?	?	[class = negative]	0,12315270935960591	0,9726027397260274		0,9259259259259259	0,07407407407407407	0,285140562248996	0,9259259259259259	0,09057971014492754	0,09782608695652174	0,0186279143037177
