Base:	BUPA_NUMERICO
	AUC	#Accuracy		#PrecisionPos	#RecallPos	#F-MeasurePos		#PrecisionNeg	#RecallNeg	#F-MeasureNeg		#Regras Total
Fold: 0-0	0,4433333333333333	0,5428571428571428		0,0	0,0	0,0		0,5588235294117647	0,95	0,7037037037037037		173,0	
Fold: 0-1	0,5666666666666667	0,6285714285714286		1,0	0,13333333333333333	0,23529411764705882		0,6060606060606061	1,0	0,7547169811320755		172,0	
Fold: 0-2	0,048333333333333374	0,5714285714285714		0,0	0,0	0,0		0,5714285714285714	1,0	0,7272727272727273		209,0	
Fold: 0-3	0,0	0,5714285714285714		0,0	0,0	0,0		0,5714285714285714	1,0	0,7272727272727273		147,0	
Fold: 0-4	0,5333333333333333	0,6		1,0	0,06666666666666667	0,125		0,5882352941176471	1,0	0,7407407407407407		166,0	
Fold: 0-5	0,050000000000000044	0,5882352941176471		0,0	0,0	0,0		0,5882352941176471	1,0	0,7407407407407407		154,0	
Fold: 0-6	0,0	0,5882352941176471		0,0	0,0	0,0		0,5882352941176471	1,0	0,7407407407407407		156,0	
Fold: 0-7	0,5089285714285714	0,5882352941176471		0,5	0,07142857142857142	0,125		0,59375	0,95	0,7307692307692308		149,0	
Fold: 0-8	0,0	0,5882352941176471		0,0	0,0	0,0		0,5882352941176471	1,0	0,7407407407407407		207,0	
Fold: 0-9	0,050000000000000044	0,5882352941176471		0,0	0,0	0,0		0,5882352941176471	1,0	0,7407407407407407		192,0	
Media das Areas:	0,22005952380952384
Desvio Padrao:	0,2416986681251458
Número médio de regras:	172,5
Media das Precisoes:	0,5855462184873949


