Base:	FLAG_NUMERICO
	AUC	#Accuracy		#PrecisionPos	#RecallPos	#F-MeasurePos		#PrecisionNeg	#RecallNeg	#F-MeasureNeg		#Regras Total
Fold: 0-0	0,4722222222222222	0,7		0,16666666666666666	0,5	0,25		0,9285714285714286	0,7222222222222222	0,8125000000000001		156,0	
Fold: 0-1	0,6111111111111112	0,85		0,0	0,0	0,0		0,8947368421052632	0,9444444444444444	0,918918918918919		327,0	
Fold: 0-2	0,3194444444444444	0,75		0,0	0,0	0,0		0,8823529411764706	0,8333333333333334	0,8571428571428571		113,0	
Fold: 0-3	0,4444444444444445	0,75		0,0	0,0	0,0		0,8823529411764706	0,8333333333333334	0,8571428571428571		57,0	
Fold: 0-4	0,3888888888888889	0,7368421052631579		0,0	0,0	0,0		0,9333333333333333	0,7777777777777778	0,8484848484848485		69,0	
Fold: 0-5	0,3888888888888889	0,7368421052631579		0,0	0,0	0,0		0,9333333333333333	0,7777777777777778	0,8484848484848485		96,0	
Fold: 0-6	0,36111111111111116	0,5789473684210527		0,0	0,0	0,0		0,9166666666666666	0,6111111111111112	0,7333333333333334		187,0	
Fold: 0-7	0,11764705882352944	0,8947368421052632		0,0	0,0	0,0		0,8947368421052632	1,0	0,9444444444444444		250,0	
Fold: 0-8	0,2647058823529411	0,3157894736842105		0,07692307692307693	0,5	0,13333333333333336		0,8333333333333334	0,29411764705882354	0,4347826086956522		362,0	
Fold: 0-9	0,05882352941176472	0,8947368421052632		0,0	0,0	0,0		0,8947368421052632	1,0	0,9444444444444444		142,0	
Media das Areas:	0,34272875816993464
Desvio Padrao:	0,15544672090003991
Número médio de regras:	175,9
Media das Precisoes:	0,7207894736842105


