0,9722222222222222	0,95		0,6666666666666666	1,0	0,8		1,0	0,9444444444444444	0,9714285714285714		195,0	
0,5833333333333333	0,85		0,0	0,0	0,0		0,8947368421052632	0,9444444444444444	0,918918918918919		298,0	
0,75	0,9		0,5	0,5	0,5		0,9444444444444444	0,9444444444444444	0,9444444444444444		340,0	
0,5833333333333333	0,85		0,0	0,0	0,0		0,8947368421052632	0,9444444444444444	0,918918918918919		216,0	
0,5277777777777778	0,7894736842105263		0,0	0,0	0,0		0,9375	0,8333333333333334	0,8823529411764706		513,0	
0,16666666666666663	0,9473684210526315		0,0	0,0	0,0		0,9473684210526315	1,0	0,972972972972973		217,0	
0,6111111111111112	0,8421052631578947		0,0	0,0	0,0		0,9411764705882353	0,8888888888888888	0,9142857142857143		334,0	
0,0	0,8947368421052632		0,0	0,0	0,0		0,8947368421052632	1,0	0,9444444444444444		267,0	
0,117647058820,632352940,3529411764705882	0,8947368421052632		0,0	0,0	0,0		0,894736842105260,47058823529411764	0,8421052631578947		0,0	0,0	0,0		0,8888888888888888	0,9411764705882353	0,9142857142857143		119,0	
411764706	0,8823529411764706		133,0	
82353	0,9142857142857143		44,0	
