0,7375	0,8181818181818182		0,25	0,5	0,3333333333333333		00,80000000000000,900000000000000,45	0,5909090909090909		0,0	0,0	0,0		0,86666666666666670,55	0,7727272727272727		0,0	0,0	00,7	0,9090909090909091		0,0	0,0	0,0		0,9090909090909091	0,55	0,9090909090909091		0,0	0,0	0,0		0,9090909090,6625000000000001	0,6818180,7625000000000002	0,7727272727272727		0,0	0,0	0,0		0,8947368421052632	0,85	0,8717948717948718		95,0	
0,725	0,9047619047619048		0,0	0,0	0,0		0,95	0,95	0,9500000000000001		59,0	
0,75	0,9047619047619048		0,0	0,0	0,0		0,95	0,95	0,9500000000000001		194,0	
0,275	0,9523809523809523		0,0	0,0	0,0		0,9523809523809523	1,0	0,975609756097561		210,0	
0,736842105263158	0,9047619047619048		0,0	0,0	0,0		0,9047619047619048	1,0	0,9500000000000001		37,0	
0,6578947368421053	0,7619047619047619		0,0	0,0	0,0		0,8888888888888888	0,8421052631578947	0,8648648648648649		195,0	
0,6578947368421053	0,6666666666666666		0,0	0,0	0,0		0,875	0,7368421052631579	0,7999999999999999		76,0	
63	0,8571428571428572		65,0	
1		59,0	
47058		59,0	
619048	1,0	0,9500000000000001		146,0	
