Base:	ADULT
	AUC	#Accuracy		#PrecisionPos	#RecallPos	#F-MeasurePos		#PrecisionNeg	#RecallNeg	#F-MeasureNeg		#Regras Total
Fold: 0-0	0,136950610542716	0,27328556806550663		0,06598614655486694	0,15483319076133448	0,0925357873210634		0,5387488328664799	0,31054897739504844	0,3939911232502561		243,0	
Fold: 0-1	0,13079338785139244	0,27717502558853635		0,05433962264150943	0,12318220701454234	0,07541241162608012		0,5413870246085011	0,32561894510226047	0,40665434380776344		200,0	
Fold: 0-2	0,13729699503811715	0,2975020475020475		0,05258995650454725	0,11386986301369863	0,07195022991614823		0,5605095541401274	0,35522066738428415	0,4348542250041179		194,0	
Fold: 0-3	0,14293590655735297	0,291973791973792		0,05308352849336456	0,11643835616438356	0,07292225201072387		0,5555555555555556	0,3471474703982777	0,42729380589599203		277,0	
Fold: 0-4	0,13483529203592026	0,24610974610974612		0,07476319350473613	0,1892123287671233	0,10717749757516974		0,5088174273858921	0,2639935414424112	0,34762579730687454		216,0	
Fold: 0-5	0,14097058718555985	0,2835790335790336		0,06301575393848462	0,1437125748502994	0,08761408083441982		0,548692515779982	0,3275908479138627	0,4102477667284679		263,0	
Fold: 0-6	0,14504212110292036	0,26965601965601965		0,07055873925501432	0,16852010265183917	0,09946983085079525		0,5353728489483748	0,30148048452220727	0,38574134665059406		266,0	
Fold: 0-7	0,13512003103963208	0,2903357903357903		0,0487229862475442	0,10607356715141146	0,06677436725901993		0,5532278751603249	0,34831763122476445	0,4274859596960687		212,0	
Fold: 0-8	0,1503225427629648	0,26085176085176087		0,07518273581621998	0,1847733105218135	0,10687778327560614		0,5261064147190453	0,2847913862718708	0,3695424380020957		254,0	
Fold: 0-9	0,14491110069804625	0,2667895167895168		0,07294617563739376	0,17621899059024806	0,10318056599048334		0,5325242718446602	0,29528936742934053	0,3799134199134199		305,0	
Media das Areas:	0,1399178574814622
Desvio Padrao:	0,00563423394784327
Número médio de regras:	243,0
Media das Precisoes:	0,2757258300451749


