0.9999796802853305	0.006374873837823982	
0.9929732003924666	0.11833944102598383	
0.9999999999999927	1.213406473125092E-7	
0.9982064637788021	0.05986531274635628	
0.9997799395140573	0.020977906122108026	
0.9998320968528605	0.01832424903815205	
0.9999762552671171	0.006891219192095779	
0.9009141673169859	0.43399730774227374	
0.995495753189489	0.09480614632866412	
0.9999253875824174	0.012215533887320185	
0.9999999993858563	3.5046932060928414E-5	
0.9999568955098882	0.009284779061804199	
0.9999855222566456	0.005381010788285677	
0.9999106208527351	0.013369753397051683	
0.9999999999980066	1.996697558946042E-6	
0.9999999998417656	1.7789569437940752E-5	
0.9999999592078377	2.856296955100301E-4	
0.9999999929919415	1.1838968252435379E-4	
0.9999999990247007	4.416558206488946E-5	
0.999999999773172	2.1299199414701058E-5	
0.9999999991295244	4.172470604731288E-5	
0.9999906676200065	0.004320263058386209	
0.9999999994024451	3.457035972765785E-5	
0.9999999992864574	3.7776779041401313E-5	
0.9999999992984877	3.745696839972137E-5	
0.9999995274015615	9.722122472213202E-4	
0.9954372652593407	0.09541829454043396	
0.9216378512682553	0.38805111919647056	
0.9999999999964093	2.679794658169508E-6	
0.999999999955116	9.47459616504408E-6	
0.9999999999999999	1.0666334957438084E-8	
0.9946631024176833	0.10317612460656413	
0.999985134937593	0.005452513534502454	
0.9999999999999689	2.4940284618533314E-7	
0.9999998664851149	5.167492162452349E-4	
0.9999999999999974	7.146398500223487E-8	
0.999992178977922	0.0039549946886799445	
0.9999999666825874	2.581372197348029E-4	
0.9947063720170344	0.1027581309128832	
0.9999992447991959	0.0012289837419553573	
0.9982540780677494	0.05906602763947979	
0.9999993219471083	0.0011645193530674211	
0.9999999998604508	1.6706236044308664E-5	
0.9999999999106571	1.336733956062049E-5	
0.9937190405749601	0.11190383549629002	
0.9999999999991414	1.310494116738964E-6	
0.9949282828566212	0.10058683796588501	
0.8440371411583099	0.5362847232070921	
0.9999999999783362	6.582366391470891E-6	
0.9999999727906819	2.332780218062007E-4	
0.9998343098837277	0.018203098069557676	
0.9999999999988051	1.5459181868242126E-6	
0.999999999999721	7.470546541646712E-7	
0.9999998482287413	5.509469069129276E-4	
0.07553334019182485	0.9971432768260868	
0.9999999988247289	4.848239016100034E-5	
0.5307607716392092	0.8475216830789353	
0.9999999999984751	1.7463761517499707E-6	
0.999999999583091	2.8875903552393974E-5	
0.9999999999786469	6.53500987153434E-6	
0.9999999471107894	3.2523594261689155E-4	
0.9999999961402277	8.786093805477116E-5	
0.9999897547934595	0.004526622153069878	
0.9999999999917393	4.064651440999476E-6	
0.9999999871911446	1.60055336107892E-4	
0.9999999650605791	2.6434606226948725E-4	
0.9999999999958926	2.8661297718178248E-6	
0.9999999998784421	1.5592173020750707E-5	
0.865220927272126	0.5013908126505336	
0.999999999981171	6.136624774843104E-6	
0.9999999999999452	3.3131270447146906E-7	
0.9999999997941312	2.0291314317696585E-5	
0.9823200029753357	0.1872095396996007	
0.99999617954032	0.0027642186534456545	
0.9999999999985684	1.6920960341492674E-6	
0.9999994133454986	0.0010831937309504348	
0.9999776451990997	0.006686486526074274	
0.9999181555119622	0.012793837483548226	
0.9999999999998826	4.843558408372395E-7	
0.9999999999999938	1.1199143161225545E-7	
0.890724619413635	0.4545433448753101	
0.999999730892201	7.336317371257283E-4	
0.9999999998880738	1.496170244743055E-5	
0.9925481249105617	0.12185327134110154	
0.9999999999997367	7.257596297089326E-7	
0.9733608398074592	0.2292785980620906	
0.9832522194750971	0.182250028524814	
0.9999999668755594	2.5738857796156787E-4	
0.9999999999999912	1.3256331100867035E-7	
0.9999999992462948	3.882538420062691E-5	
0.9901850530579084	0.13976251536340936	
0.9984325673164474	0.055967924044828955	
0.9999921880463896	0.003952701126358319	
0.9999999880735806	1.5444364251168395E-4	
0.999999999996138	2.7791995479231157E-6	
0.9999166875171106	0.012908060458840333	
0.999999999026361	4.4127970530590335E-5	
0.9999999990715192	4.309247776346133E-5	
0.9999999995967426	2.8399206673834E-5	
0.9015300821232368	0.432716432582436	
0.999999999999989	1.4827891931779675E-7	
0.9999999999999842	1.7785560157770708E-7	
0.9993888601046411	0.03495577632875754	
0.999999999719989	2.3664785562701557E-5	
0.4008539704030431	0.9161419619317283	
0.9999979376084331	0.0020309551645318175	
0.9821120767033159	0.1882972883328384	
0.998533116499149	0.05414439264131471	
0.9999999539774894	3.0338922052039295E-4	
0.9960877500539735	0.08836964519795665	
0.9966723813859628	0.08151174260457159	
0.994204076670598	0.10750932020789512	
0.9999999999691219	7.858507178453242E-6	
0.9999999999919245	4.018849553876982E-6	
0.9999978583382252	0.0020696180717482975	
0.9999589885272394	0.009056559146845196	
0.9999996308001788	8.593017549800466E-4	
0.9999999999999174	4.065597231730931E-7	
0.9999999906077909	1.370562592880279E-4	
0.999999999262758	3.839901105770776E-5	
0.9999967192990429	0.002561521257217287	
0.9999999551603579	2.9946499339273124E-4	
0.9990105939130615	0.0444728372096069	
0.9999991834661746	0.0012779150927364222	
0.9999866616753913	0.005164927037868015	
0.9999999999998967	4.5438347774050615E-7	
0.9999999999999147	4.129087134054891E-7	
0.9999999999986895	1.6189889199953347E-6	
0.9999999997901556	2.048630317921669E-5	
0.9846225071922126	0.17469550174667142	
0.9999999999980271	1.9863915831495346E-6	
0.9999632388535027	0.008574435352417153	
0.9999999984882683	5.498603041027884E-5	
0.9997599773054577	0.02190862337507045	
0.9999659630629658	0.008250619101332894	
0.11845448430517787	0.9929594831351349	
0.9999999352014797	3.599958839871977E-4	
0.14451639723733764	0.9895024057219568	
0.9999999011505469	4.4463344042940583E-4	
0.9999840213763906	0.005653051556669603	
0.9999997490131328	7.085010031378742E-4	
0.999999999997095	2.410404346133754E-6	
0.9999999999513227	9.866838793939774E-6	
0.999999273742839	0.0012052028022317494	
0.999999999990241	4.417919197997282E-6	
0.9991078702330253	0.04223107432245044	
0.9999999999997257	7.407354889212172E-7	
0.9999993218360597	0.0011646147091724328	
0.9999999999940267	3.456387394873448E-6	
0.9999999999999989	4.6131736911647685E-8	
0.9999977836595654	0.0021053921148106924	
0.9999999999868373	5.130835071940519E-6	
0.9999996690651184	8.135537189710767E-4	
0.8088988436761309	0.5879478384171665	
0.9999999152501927	4.117033001055314E-4	
0.9984189562895898	0.056210210118858246	
0.9999999999503907	9.960851383304344E-6	
0.9999998738144961	5.023653967440278E-4	
0.9999999999999885	1.5179911799268118E-7	
0.9999999994405778	3.344913227216887E-5	
0.9920142708338586	0.1261256772507798	
0.9999996045951016	8.89274783398578E-4	
0.9997504043833031	0.022341193688386222	
0.9999999999740085	7.20993274211426E-6	
0.9380018038994533	0.34663037357013515	
0.9991412444780609	0.04143396653509946	
0.9999999006794326	4.4569173771213743E-4	
0.9999999997975956	2.0119864345681795E-5	
0.9999999999987368	1.5894435064429557E-6	
0.9999999987898913	4.9195704442745136E-5	
0.9999999885329827	1.5143987069361246E-4	
0.9999999996959961	2.4657815559016308E-5	
0.9999999625767623	2.735808363222199E-4	
0.9999999985046993	5.4686390017602833E-5	
0.9999999992945092	3.756303495905702E-5	
0.9999999999999977	6.761425415929858E-8	
0.9998144227471559	0.019264476810215425	
0.9999999309996758	3.7148437894462746E-4	
0.9999999999999899	1.4202365434891256E-7	
0.9999999683457597	2.5161176393276313E-4	
0.9999908022523206	0.004288987148526922	
0.9999999999874026	5.019435496711373E-6	
0.9999999999999971	7.539075883075452E-8	
0.9999900504709438	0.0044608249370876735	
0.9999999999999984	5.4899094250512784E-8	
0.9999999999986721	1.6296746515486572E-6	
0.9999999999808503	6.188648582236705E-6	
0.997279407689574	0.0737141980783381	
0.9999935200894474	0.0035999693215272256	
0.6949571344751176	0.719051167332432	
0.999999999891117	1.4756897363065143E-5	
0.9999753490401582	0.0070214893016965095	
0.9999999999388858	1.1055694390710098E-5	
0.999999998625181	5.243699118068675E-5	
0.9999999999961905	2.7602423817414077E-6	
0.9999999986678726	5.161641924000899E-5	
0.9998946486126306	0.01451522221063216	
0.9999999999639398	8.492370860926962E-6	
0.9999999984375598	5.590062868070206E-5	
0.9999999999977429	2.1246664282115003E-6	
0.9999999999885562	4.78410256641361E-6	
0.9999890183004313	0.004686499604159581	
0.9522723567491675	0.30524966596441366	
0.9999999999997475	7.10657425296379E-7	
0.9999999999989027	1.4814393450824068E-6	
0.9958033174767663	0.09151913954068004	
0.10160800746097333	0.994824513580064	
0.9998649783530198	0.016432439353770957	
0.8903609374271868	0.45525531419609067	
0.9999731982048607	0.007321398223179364	
0.740621032554723	0.6719229763429555	
0.9999744365909199	0.0071502562662047195	
0.9999999973416066	7.291630022925899E-5	
0.9999993345567916	0.001153640313975604	
0.9999998489156496	5.496987154735713E-4	
0.9999875950021625	0.004980947880770653	
0.99829918484082	0.05829869249094852	
0.9324660379423694	0.3612576477862575	
0.6998160174457912	0.7143231353710393	
0.9902028199974916	0.1396365828463849	
0.9999999982714942	5.879635747842837E-5	
0.9979875120320257	0.06341077060032763	
0.9999941107762018	0.0034319692471400623	
0.9993113261485527	0.037106245178151455	
0.9999999872968742	1.5939338596875722E-4	
0.9999999999999833	1.823707152413662E-7	
0.993574854197163	0.11317689299095667	
0.9995603756924293	0.029648867526595842	
0.9999999999999943	1.0647074341184525E-7	
0.9999999983923722	5.6703223533740416E-5	
0.999999999999898	4.518001245942506E-7	
0.9999999949991287	1.0000871225908471E-4	
0.9999966079169257	0.002604640981482633	
0.9999898775199536	0.004499428589075866	
0.557525613590518	0.8301597377556421	
0.9999999572749935	2.9231833885148844E-4	
0.9999913866426988	0.00415049881488202	
0.9999999999998106	6.15485857301535E-7	
0.9999999887364451	1.5009033837267812E-4	
0.9999994119173444	0.001084511394717898	
0.999999999999993	1.1793786459319114E-7	
0.9999039163376198	0.0138621099653069	
0.9999999998304885	1.841257532426976E-5	
0.9999999988581629	4.778780342022867E-5	
0.44119590825644706	0.8974108148099	
0.9999999999999917	1.2869858068497412E-7	
0.9997201886987522	0.023654688924845114	
0.9999999788926444	2.0546218827417558E-4	
0.9985500831165446	0.0538305815307786	
0.9999999981708808	6.048337342491334E-5	
0.9999999975602121	6.985396092963383E-5	
0.99999999861954	5.254445767592644E-5	
0.9999999999998307	5.819035777307531E-7	
0.9999999999833997	5.761992709519045E-6	
0.7309517002936524	0.6824291991392356	
0.9999999985428187	5.3984836688436935E-5	
0.9999634209639741	0.008553170992444762	
0.9999999991752423	4.061422657146029E-5	
0.9999999999999698	2.457025461077488E-7	
0.9999999999981405	1.9284825093830925E-6	
0.9999999997803797	2.095806923728096E-5	
0.9999807169820327	0.006210125932677698	
0.9909797912370315	0.1340113926493171	
0.9999999999993019	1.18160056554061E-6	
0.999999999999984	1.7868583976232564E-7	
0.9999999999771904	6.754198594050909E-6	
0.9999999986990122	5.100956309654669E-5	
0.9999624722408599	0.008663377513850441	
0.9999999999999967	8.134403954612593E-8	
0.7263205973117867	0.6873560866978988	
0.9999999999960613	2.806675529104776E-6	
0.9993458480365043	0.036164568464175935	
0.18552939215682732	0.9826387152183239	
0.8917679775808801	0.45249295481952756	
0.9052883166497094	0.42479767388432754	
0.9999998915848514	4.656503897198276E-4	
0.9999999997082637	2.415517632397495E-5	
0.9999999499531802	3.1637578455285615E-4	
0.9999993270613999	0.0011601192814679577	
0.9999999999999332	3.6567975833821094E-7	
0.9999970352720833	0.0024350455937842677	
0.9999999998649046	1.643747819602117E-5	
0.9999999853554526	1.711405693571449E-4	
0.9959548937708926	0.08985460240750037	
0.9996431197512762	0.02671391274103501	
0.9999999999999712	2.396789458300039E-7	
0.9999431557750359	0.010662327075377101	
0.9999999999999517	3.1088545879089794E-7	
0.99875103099961	0.0499637676443244	
0.9999999268052977	3.8260867641971846E-4	
0.9999999999999836	1.810618741872213E-7	
0.9999999999205637	1.2604475232081884E-5	
0.999999999989441	4.595443056889554E-6	
0.999998828445631	0.0015307211912646327	
0.6998162706359335	0.7143228873228225	
0.9997376409110051	0.022905225292454756	
0.9999999349462438	3.607041836547233E-4	
0.9999978011664258	0.002097060398184933	
0.9635395607548027	0.2675659075077427	
0.2378619080793598	0.9712989821290076	
0.9999999995531875	2.9893558665098408E-5	
0.9999999217727514	3.955432857668064E-4	
0.999999999999972	2.3643288393945262E-7	
0.9999998928330468	4.6296208790379734E-4	
0.9999999972944863	7.355968639304051E-5	
0.9999997185342884	7.50287507637418E-4	
0.9995275346441205	0.030736094225624646	
0.9999999998880207	1.49652486737787E-5	
0.999999999893297	1.4608417792839773E-5	
0.9999920151907162	0.00399619253919039	
0.9999973014499562	0.0023231643948280986	
0.9999999999998666	5.166716170120192E-7	
0.9999999999915324	4.115236956171795E-6	
0.9999997350204056	7.279829108263227E-4	
0.9999966976955438	0.002569941245883324	
0.999999978545799	2.0714343202284642E-4	
0.9999997901451746	6.478499878775097E-4	
0.9999977720821231	0.0021108838883655526	
0.9999999994183842	3.410618007928928E-5	
0.9999999999943353	3.3659136282983027E-6	
0.9999999981932702	6.0112058620053625E-5	
0.9999999999972576	2.3419330147877894E-6	
0.9999999999999125	4.181828616575144E-7	
0.999999934959332	3.606678967376516E-4	
0.9998607271121509	0.016689109585622367	
0.9999999999998959	4.5647524949687624E-7	
0.9999980474627435	0.0019761251733394227	
0.9999849778145795	0.005481253978318883	
0.9999969155151279	0.0024837391630386364	
0.9999999872970775	1.5939211024343857E-4	
0.9999999690535888	2.487826790246232E-4	
0.7591820340759554	0.6508783597080908	
0.9914399371987598	0.13056358959265474	
0.9999995364838572	9.628250467818325E-4	
0.9971365969223224	0.0756214723353757	
0.9999999843834997	1.767286065684611E-4	
0.9999999999999603	2.821098882679465E-7	
0.9999999999999372	3.5465605084613355E-7	
0.9999996077502492	8.85719677855718E-4	
0.9999852200128512	0.00543688843453366	
0.3345197485996331	0.9423887402748604	
0.999897487887487	0.014318300048982916	
0.7349245916634285	0.6781488365899797	
0.43991701161622654	0.8980384306312558	
0.9999999999956879	2.936683381454658E-6	
0.9959999370423697	0.08935393338625726	
0.9999999924650523	1.2275950137345359E-4	
0.9997159592857437	0.0238327662973699	
0.9999999999995964	8.983605330572266E-7	
0.9983192219153966	0.05795456111676848	
0.999999999999566	9.316592182999526E-7	
0.9999999840432693	1.7864339101551145E-4	
1.0	0.0	
0.9850517941921074	0.17225841854292623	
0.9999999999999964	8.369654158724857E-8	
0.9999999999998325	5.787625516910665E-7	
0.9999999999743614	7.160814472466592E-6	
0.9999626255863671	0.00864565962891516	
0.9999999999999574	2.920933580417589E-7	
0.999999999991132	4.2114120880727235E-6	
0.9999999998846695	1.5187531639013075E-5	
0.9999998396320668	5.663354487256147E-4	
0.9999999765582204	2.1652611562690357E-4	
0.9999999999999931	1.1741316117666329E-7	
0.9999999872724582	1.5954649322240714E-4	
0.9999997167835577	7.526173027587957E-4	
0.9874350039658008	0.15802567178486854	
0.9978483879061844	0.06556366945976279	
0.9893568591340844	0.14550946802300976	
0.9999999999999626	2.734819717735241E-7	
0.9999999999990768	1.3587568884896343E-6	
0.7499887737557595	0.6614505569128597	
0.9993948371136319	0.03478447283799598	
0.5035818832805437	0.8639475023585755	
0.9999999999997344	7.287659043208633E-7	
0.9975225185950928	0.07034788479906756	
0.9999998207124732	5.988113404183608E-4	
0.9999999368782483	3.5530761242439854E-4	
0.9999999999006445	1.4096488226008895E-5	
0.9999999999997673	6.821375327773423E-7	
0.9999999999937977	3.522004026270199E-6	
0.9999999999927944	3.7961933326682227E-6	
0.9999999999995592	9.389470640718315E-7	
0.9999999755755545	2.210178505584067E-4	
0.9999999999998789	4.922145974776719E-7	
0.9888498210215505	0.14891618940077553	
0.999999999999477	1.0228043680727325E-6	
0.9999999999999798	2.0126260137298228E-7	
0.999978015203427	0.006630920736573563	
0.9946399601148042	0.10339898327749998	
0.9999999999766999	6.826433843723566E-6	
0.9999978999327642	0.0020494218846387885	
0.9999999999999986	5.3168012367171194E-8	
0.9999890023340906	0.004689905209081655	
0.6819777786898868	0.731372893518216	
0.9999999973393723	7.29469359341425E-5	
0.9999999998933797	1.4602758435864549E-5	
0.9999993925633911	0.001102212705794006	
0.9973076533311108	0.07333106168052375	
0.9935027194195035	0.11380837625610564	
0.9999997025566352	7.712889479288296E-4	
0.9994747670582447	0.03240663533703432	
0.9999933044210338	0.0036593869843897626	
0.9995180017380852	0.031044551881207152	
0.9999998682410972	5.133398369738158E-4	
0.999999999996182	2.7632985281454902E-6	
0.9999999999999865	1.6462611497339983E-7	
0.9999973867579484	0.0022861490052658337	
0.9999998258694953	5.901364071911827E-4	
0.999999999999971	2.407990060177538E-7	
0.6954624895881064	0.7185624020054995	
0.999999999999652	8.343387992681626E-7	
0.9999965122744958	0.0026411056101862686	
0.9999999888441338	1.493711231269907E-4	
0.999999999797072	2.014587104272494E-5	
0.9999999998739534	1.587744696320188E-5	
0.9999999999928252	3.78810239664248E-6	
0.5572314188715047	0.8303572398807935	
0.8164177922835881	0.5774616770338893	
0.9687897471873775	0.24788389569436944	
0.9999999983573057	5.73183105746448E-5	
0.8700957194604145	0.4928827842161497	
0.9999997172372822	7.520141990942669E-4	
0.9999999999999621	2.7499095064451765E-7	
0.9993707208550048	0.03547058355522473	
0.9999999999976903	2.149266041348378E-6	
0.9999999952425283	9.754457192386779E-5	
0.9999999952237292	9.773710478543802E-5	
0.9999999934668338	1.1430805944058787E-4	
0.9999999998824312	1.5334199135589097E-5	
0.9999999999999416	3.418296206051214E-7	
0.14133947061763424	0.9899611881510946	
0.9688558774656312	0.24762529899083802	
0.9999998528185198	5.425522452455809E-4	
0.9997726618561179	0.02132192780056408	
0.9999999999567107	9.304753082740466E-6	
0.9983722278948176	0.0570341526485527	
0.9994323201388754	0.0336903170336	
0.9999999999659404	8.253437190321096E-6	
0.9999986103599039	0.0016671167509058511	
0.9999999999999375	3.536220472704206E-7	
0.7676861693781634	0.6408259867900816	
0.9999998919499027	4.648657686873803E-4	
0.9980743068718279	0.06202965389489522	
0.9999999999900162	4.468502397013829E-6	
0.9998010657358019	0.019945649990781866	
0.9999955911915095	0.0029694439788214666	
0.9999999999995867	9.092197087347259E-7	
0.9702498867598192	0.2421056737099691	
0.9999915591163077	0.0041087341281881495	
0.9999999999990774	1.3583534371322025E-6	
0.9999999999999886	1.5098232379675908E-7	
0.8918577697205848	0.452315949960892	
0.9999631614799157	0.008583454030404919	
0.9999999999834561	5.752196741510276E-6	
0.9999993838038413	0.0011101314956288397	
0.9866911261614996	0.16260572423550104	
0.99993383492873	0.011503293646750392	
0.9998261611888699	0.018645305101498002	
0.691646170001281	0.7222365094084895	
0.9999999761318032	2.1848659668813393E-4	
0.9999999178388466	4.053668711223147E-4	
0.7419130669535027	0.6704960858078497	
0.9999999996678153	2.5775363741378563E-5	
0.9999999980327254	6.272598383162676E-5	
0.9985007126388906	0.05473871444989823	
0.9666632881421225	0.2560509468021154	
0.9779726564378387	0.20873304304761417	
0.9999999991235854	4.1866804313236295E-5	
0.9999999999999675	2.5521252835836146E-7	
0.9999999999768152	6.8095211475437E-6	
0.9999999999999272	3.8152596105698405E-7	
0.9999999999999849	1.7370253495626794E-7	
0.9999999999984606	1.754666626631862E-6	
0.9999999995568076	2.9772212495765198E-5	
0.9999877971088476	0.004940205804860592	
0.9908020049398016	0.13531957362949884	
0.9735918680695975	0.2282955856532303	
0.959873466242918	0.2804334659109105	
0.9999999999993877	1.1066092255001698E-6	
0.9999999999999736	2.2967258039383705E-7	
0.9999964892945774	0.0026497921654664975	
0.9999999993718711	3.544372779303134E-5	
0.9999999999999972	7.389958387675843E-8	
0.9999998819455699	4.859103275332925E-4	
0.9999980889245518	0.001955031264243138	
0.9999934534466688	0.00361843388843849	
0.999999995202834	9.795066117553316E-5	
0.6624084203271343	0.749142900039579	
0.966565322705853	0.2564205080381251	
0.9999999999997808	6.621021273190382E-7	
0.9999998724011774	5.051708908584294E-4	
0.9999999872062998	1.599606206555985E-4	
0.9999997125478675	7.582243615939608E-4	
0.9999859868084591	0.005293976455596755	
0.9999999863670114	1.6512412633612006E-4	
0.9999999999998209	5.984733529216476E-7	
0.0024949869654248063	0.9999968875151773	
0.9976600648184776	0.06836954780010691	
0.9999999648957115	2.6496900910303846E-4	
0.9999999997247397	2.3463175361685146E-5	
0.99999985072611	5.463952396143587E-4	
0.988706247982642	0.14986645788863645	
0.9999999999941921	3.40820492095877E-6	
0.9900595617328052	0.140648726341356	
0.983623134155642	0.1802374266178695	
0.9999999999982673	1.8615486928142764E-6	
0.7758762651069462	0.6308851093849781	
0.9972379984458977	0.07427229938287812	
0.9999996830859318	7.961331773253428E-4	
0.9999556028690768	0.0094229661328686	
0.9999999999999966	8.333995732861722E-8	
0.9999999999969936	2.4521069006788772E-6	
0.999916096108541	0.012953792612782815	
0.9999999997683315	2.1525262654139172E-5	
0.9995568287204663	0.02976820717283118	
0.9999999999976464	2.169589002300513E-6	
0.9117772356403968	0.4106851258177684	
0.99999999974335	2.2656127818371902E-5	
0.9999999999744145	7.1533903837069485E-6	
0.999999999999948	3.2238216488031946E-7	
0.9999999999999288	3.7713211252306024E-7	
0.9689641067954787	0.24720145578462935	
0.9999880696419112	0.004884728635669758	
0.9999986667014398	0.0016329713233401866	
0.99999996683345	2.575521281176072E-4	
0.9955896486754956	0.09381498521133594	
0.9999987945531851	0.0015527047938273925	
0.9846993229567635	0.17426199634025616	
0.9999999989256518	4.6354031448677244E-5	
0.9999999999999919	1.2767177834220313E-7	
0.9999999999996559	8.29514978280336E-7	
0.9999999881883601	1.5369866520417879E-4	
0.9999635222910925	0.008541316478843073	
0.9999999999998536	5.411095031821959E-7	
0.9967207416319257	0.08091825010900813	
0.9999999999776711	6.682646653022267E-6	
0.9999962363355805	0.0027435952095123586	
0.9999999187994635	4.0299015662671273E-4	
0.99999984055494	5.647035458938336E-4	
0.9998562627462582	0.016954463927993667	
0.9999946855603914	0.0032601918615247287	
0.9856990998661641	0.16851493857529012	
0.9999999999991582	1.2974814556918193E-6	
0.9999999976539011	6.84996190533988E-5	
0.9999999999999883	1.5285962679055223E-7	
0.9981871152859247	0.06018706569657591	
0.999999999999985	1.7330984759862816E-7	
0.9992144136952112	0.03963023421247075	
0.9747359114809182	0.2233604774114339	
0.9999999996667731	2.5815765181815736E-5	
0.9999999970465324	7.685658856588475E-5	
0.9997949581355693	0.020249486084717667	
0.9999999992150916	3.962091401600863E-5	
0.999999999999702	7.720478589203667E-7	
0.9999999697024538	2.4616070283500893E-4	
0.9992836044352248	0.03784544763832551	
0.9999999999032507	1.3910378004599472E-5	
0.9999999999999744	2.2641524509692484E-7	
0.9999999999999818	1.9102850363185307E-7	
0.999999999998584	1.6828127279454797E-6	
0.9967661538609262	0.08035691953588317	
0.9859540833823016	0.16701660235367446	
0.9999990133792228	0.0014047208196097216	
0.9998819950049548	0.015362163418981233	
0.9999999999996675	8.155423965336496E-7	
0.9999833540040708	0.005769897292778218	
0.9999999990727575	4.306373191814906E-5	
0.9999999999999006	4.4582889588133247E-7	
0.9999680300921131	0.007996173691127475	
0.9999999421635246	3.4010725869788297E-4	
0.9999999999254859	1.2207706149688936E-5	
0.9999999999963591	2.698471026152818E-6	
0.9999768770510029	0.006800394350574829	
0.9999999999999641	2.67853322295073E-7	
0.9999999832791586	1.82870671468722E-4	
0.9999579551530433	0.009169946899748227	
0.9999999999968227	2.520856914246286E-6	
0.9999999999371918	1.1207874679679935E-5	
0.9999999345634821	3.6176377860185863E-4	
0.9998684185033518	0.016221765613091813	
0.999999807171931	6.21012158355204E-4	
0.999999997520036	7.042675611743123E-5	
0.9999999999909858	4.246005661372345E-6	
0.9993359777528679	0.036436294662323135	
0.999999450470901	0.0010483596215273346	
0.9999999999999756	2.208141095708977E-7	
0.9999999985297381	5.422659601227367E-5	
0.9999999975842886	6.950843757446077E-5	
0.999999855255925	5.380410104266953E-4	
0.9999999999929092	3.7658313431883665E-6	
0.99999999981293	1.9342700940100005E-5	
0.9999972010902091	0.0023659695154582827	
0.9991781389726943	0.04053451121036572	
0.9999999999983948	1.7917602843804839E-6	
0.9999999999992627	1.2143201242534394E-6	
0.9999999999912312	4.187794044072146E-6	
0.9999999999999928	1.2020249350635843E-7	
0.9999999999984543	1.7582327286655924E-6	
0.9999999832563476	1.8299536750950086E-4	
0.6746247035307706	0.7381608966790505	
0.6652861076626301	0.7465885044327346	
0.832353029448759	0.554245824853443	
0.9999996112199325	8.817936174807764E-4	
0.8092486093502097	0.5874663294732319	
0.8052357062385868	0.5929548527488787	
0.9999672444606403	0.008093825164533774	
0.9999999999999996	2.7914963969730663E-8	
0.9999999999862172	5.250292393485357E-6	
0.9999584932013098	0.009111085257316342	
0.9999999800847506	1.9957579646082935E-4	
0.9969682918023213	0.07780890142369003	
0.32447033167408756	0.9458958736897564	
0.9999999999738758	7.22830645864422E-6	
0.9999999999998114	6.141717584444566E-7	
0.9999505657138721	0.009943144799665564	
0.9999999999999509	3.1311975887925277E-7	
0.999999999999938	3.5211104203306913E-7	
0.974819113356022	0.2229970767426763	
0.9999999991294372	4.172679884038861E-5	
0.9999999998741615	1.5864329490172247E-5	
0.9999985543286836	0.0017003942316277524	
0.9999999336986105	3.641466387694041E-4	
0.9999999999999857	1.6915810248171088E-7	
0.999997095410477	0.0024102221078777645	
0.9999936828505473	0.0035544702838575734	
0.9999999993082509	3.719540581622027E-5	
0.8041924734479251	0.5943689642382989	
0.9499798095422183	0.3123113213800146	
0.9999999999994034	1.0923261423655246E-6	
0.9999999999999926	1.2186863593699583E-7	
0.9999999842953717	1.772265673831815E-4	
0.9999999904061109	1.3851995605147083E-4	
0.9999999999998004	6.318631013798167E-7	
0.9965430836614532	0.08307756861224319	
0.9999999999999881	1.5388464578953764E-7	
0.9811216317227123	0.19339168484131483	
0.3275665035089977	0.944828124993583	
0.999999999519622	3.099606458757589E-5	
0.9999999999943885	3.350077031609215E-6	
0.9995700410323151	0.02932120513648634	
0.9999999998201007	1.896835733373582E-5	
0.9999998627272991	5.239707843167387E-4	
0.9999999999999951	9.881009506147009E-8	
0.9816795368086182	0.19053946313353803	
0.9429933320690284	0.3328116219024679	
0.9999999984762994	5.520327226395166E-5	
0.9999999897614791	1.430980140648854E-4	
0.9999999999998577	5.334625825833708E-7	
0.9999998521902184	5.437090595626773E-4	
0.9999999974317292	7.166967090473228E-5	
0.933195194192675	0.35936990627443405	
0.9999483117544639	0.010167291645149422	
0.9999999999998795	4.908560986839486E-7	
0.9907443640436878	0.13574094855889487	
0.44560020395737665	0.895232069484301	
0.9999999999997403	7.206071696881931E-7	
0.9709976134011814	0.2390891774405731	
0.9999999999999993	3.540994463694844E-8	
0.9999999999999976	6.923255390686628E-8	
0.9999927268319644	0.0038139589893127464	
0.9999999420888895	3.4032663372325373E-4	
0.9999999999999892	1.4650643601330815E-7	
0.9925137157248471	0.12213322274490804	
0.9654820049366447	0.2604697643557057	
0.9990575172624947	0.043405958131346525	
0.999999999999482	1.017866882622962E-6	
0.9999999946049641	1.0387526948067947E-4	
0.9999999999998465	5.541591864923475E-7	
0.9999999999999994	3.28423810248736E-8	
0.9999647097663451	0.008401144083343194	
0.9999999999926814	3.825867973765851E-6	
0.9999999965941894	8.253254621467295E-5	
0.9999999999999925	1.2252945611353265E-7	
0.9998777823009246	0.01563395218698176	
0.9999995488421324	9.49902906448409E-4	
0.9999999999674383	8.069909260740912E-6	
0.999999995531465	9.453607710671395E-5	
0.20901058534728953	0.9779133781745617	
0.9999999999989292	1.4634637369268713E-6	
0.9999999998244623	1.8737006307310187E-5	
0.9999902411452514	0.004417874405414688	
0.9984885532186596	0.05496006815232306	
0.21118592421551888	0.9774459092007276	
0.9999616195475669	0.008761246019097045	
0.9999999849901947	1.732616815223135E-4	
0.9943099200720322	0.10652597263742297	
0.9999999999963236	2.711596155699181E-6	
0.9731407681173746	0.2302108716545031	
0.9999999995627199	2.957296347292568E-5	
0.9999999730962384	2.319644850125007E-4	
0.9999999999975159	2.2289792649062413E-6	
0.999997461615662	0.002253167155911717	
0.9999979618004979	0.002019008382809298	
0.9999999999871468	5.0701448757593475E-6	
0.9999999999993375	1.1510852148032318E-6	
0.9999026668426787	0.013951947566527461	
1.0	0.0	
0.9999997847877611	6.560673986533291E-4	
0.9999734254986349	0.007290287821890715	
0.9999999999972858	2.3298528394592562E-6	
0.9999999989895095	4.495532270196205E-5	
0.999999999893616	1.4586572752683076E-5	
0.9999999954629945	9.525760320439667E-5	
0.3071634729628276	0.9516567663172549	
0.9995409718110435	0.03029596790060974	
0.9999999999999676	2.545584153166532E-7	
0.9999999998267941	1.8612140016069442E-5	
0.9999990558876607	0.0013741265543362978	
0.99262305675411	0.12124135928026798	
0.9999994506654697	0.0010481740117625476	
0.9987773455005456	0.04943494831476604	
0.9999999996773594	2.540238526456838E-5	
0.7586473122721678	0.6515015392017244	
0.9999976381521627	0.0021734051845419622	
0.7453198659155914	0.6667070552135809	
0.9999999991841604	4.039404840289625E-5	
0.9999779770231924	0.006636676020709519	
0.9999999999999947	1.0270096535309818E-7	
0.9995225180838881	0.030898800029182386	
0.9981174870780589	0.06133092196421757	
0.9982610570566554	0.05894795979615474	
0.9763992720423588	0.2159732889853555	
0.7273279615476764	0.6862900526387525	
0.9999999999901579	4.436704220022369E-6	
0.9999999731270798	2.3183148988076323E-4	
0.9999999969407134	7.822130968969644E-5	
0.9999999991547184	4.1116459703070746E-5	
0.9999999713211573	2.3949464436340197E-4	
0.9999997631714932	6.882274025107257E-4	
0.9999999999999991	4.085964803841587E-8	
0.172518929263392	0.9850062025417976	
0.9999999975416137	7.011970134534637E-5	
0.9999999999999776	2.117002380952184E-7	
0.9999999999769745	6.786084237315237E-6	
0.9957150000406338	0.09247507066274954	
0.9999999901011996	1.4070394740745164E-4	
0.9999999999999777	2.1115397033405675E-7	
0.9997208884224081	0.0236250979238391	
0.9999999407437751	3.442563671407626E-4	
0.9999999999999816	1.9185047903919833E-7	
0.9999929733981707	0.0037487536976277833	
0.9999999928211137	1.198239228911307E-4	
0.9997899221608346	0.020496622786014242	
0.20664015619611392	0.9784170101992532	
0.9993779781921304	0.035265517217386064	
0.9999962035885511	0.0027555051234030925	
0.9999243245221501	0.012302244873272144	
0.9999999999048274	1.3796565032557495E-5	
0.9999999955824918	9.399476796255154E-5	
0.9999999999998813	4.871266165073836E-7	
0.99999913978466	0.0013116516076656238	
0.8294520799276747	0.558577879175012	
0.9999999999955341	2.9886196955157334E-6	
0.9999998909100634	4.670972718898291E-4	
0.9999909710190656	0.004249456476568148	
0.9999999999889144	4.7086220578282085E-6	
0.9999999999959539	2.844683287642291E-6	
0.9999999999995629	9.349857242149198E-7	
0.9999053117950166	0.013761084408965578	
0.9999999999999244	3.8874842617930014E-7	
0.9999999999959773	2.8364189210141133E-6	
0.9999999999998637	5.220946648480273E-7	
0.9963783563876356	0.08503041174940751	
0.9999999991879552	4.0299993586501216E-5	
0.9999999997822792	2.0867237446596407E-5	
0.8362398165271998	0.5483639022169086	
0.9999427659570284	0.010698822842146809	
0.9999990100943116	0.0014070573538347878	
0.9999924583621933	0.0038837119791739717	
0.9419152983742186	0.3358505183688223	
0.9999999999999739	2.2838761763003367E-7	
0.9999999999945257	3.3088784256994957E-6	
0.9999999662586084	2.597744831631327E-4	
0.9999999749077492	2.240189744780803E-4	
0.009088216049531765	0.9999587013117277	
0.9999999999993592	1.132105574028085E-6	
0.9999999999997593	6.938747781770856E-7	
0.9999999999652383	8.338072565045817E-6	
0.9061598100627105	0.4229354544456073	
0.9999987035677363	0.0016102368914521787	
0.9999999999996237	8.674289908630951E-7	
0.999999999994502	3.3160290352799466E-6	
0.9972957714499673	0.07349247749269719	
0.9999999999996438	8.439886161747316E-7	
0.9999999998628873	1.6559747449425286E-5	
0.999999999809969	1.949517834415249E-5	
0.9999999999999973	7.253679661697733E-8	
0.9999999875652765	1.577004971952998E-4	
0.9999999999230339	1.2406942837609268E-5	
0.4753541247791005	0.8797945533222489	
0.9999985240414688	0.0017181137575560845	
0.9968062674948436	0.07985778035356642	
0.99999999999968	7.999956792465383E-7	
0.9999999999999981	6.083926234500798E-8	
0.9235277982786638	0.38353149258771907	
0.9999999649451968	2.6478218441504896E-4	
0.9998827805115218	0.015310951523271608	
0.9999981515487273	0.001922732204096639	
0.9999987842842111	0.001559304364093557	
0.9999999999999873	1.5937281719847457E-7	
0.9999999999993424	1.14682117362224E-6	
0.9999996364178462	8.52739218892247E-4	
0.9999999999999983	5.765973572553826E-8	
0.9998894500340401	0.014869018482233879	
0.9999999992419695	3.893663004821959E-5	
0.5946147314869277	0.8040107717554092	
0.9999884691928524	0.00480223711781306	
0.902556991081559	0.4305704098632448	
0.9999999999999963	8.544570812800723E-8	
0.12277543128301582	0.9924344781764031	
0.9999993076266042	0.0011767524430428367	
0.999999989796285	1.4285457626126208E-4	
0.9999997938894201	6.420444824716114E-4	
0.9999999999718603	7.501961630777497E-6	
0.9999992879638285	0.001193344810180092	
0.9999993655716504	0.001126435216413689	
0.9999982390463704	0.0018766736951748835	
0.9999999226346049	3.933583405717143E-4	
0.9999999999313014	1.1721659908733024E-5	
0.5821349789222734	0.8130921634815849	
0.999999997614639	6.907041358702554E-5	
0.9958905041776199	0.09056546631495888	
0.9999999999996773	8.033994001098909E-7	
0.9999999999957582	2.912673622363658E-6	
0.9999999999987065	1.6084276740059321E-6	
0.999992916960239	0.0037637786003750177	
0.9999999877755303	1.5636156541982046E-4	
0.4034119576393705	0.915018465624367	
0.9999999999997992	6.3383332580519E-7	
0.9999999999996978	7.774107403436547E-7	
0.9390963363601206	0.34365399900917687	
0.999998187850829	0.00190375814065829	
0.9999999999930387	3.7313008236410154E-6	
0.9999632363124359	0.008574731690235525	
0.999999999999994	1.0932269724403376E-7	
0.99999999999991	4.243598957345193E-7	
0.8947065137215188	0.4466545133593589	
0.9999999998639507	1.6495407563816023E-5	
0.9999809454682911	0.006173224468831512	
0.9993445599461929	0.03620014510951767	
0.9999999172128674	4.0690816944538295E-4	
0.9999999999990667	1.3662369854656684E-6	
0.9999999907160514	1.362640709332711E-4	
0.9998511595943363	0.017252786959242924	
0.9974718174429245	0.07106316491058642	
0.9999996286863204	8.617582150995725E-4	
0.9604542661471545	0.2784377895324753	
0.9999788103629501	0.006509902080597007	
0.9999999392237464	3.486438058881289E-4	
0.9999999965977147	8.248982164317149E-5	
0.9999999999462179	1.0371316373514427E-5	
0.9999999207622943	3.980896947753632E-4	
0.9999979669865527	0.002016438137270885	
0.9999999994197497	3.406612186790678E-5	
0.9999999728576433	2.329907997333618E-4	
0.9999970900984959	0.002412425033149629	
0.9999999999997334	7.301192810907927E-7	
0.9992441084363762	0.03887430713455321	
0.3249427627332527	0.9457336839445242	
0.9724915314381681	0.23293823490583607	
0.7626957821097737	0.6467574073421661	
0.9999997883199422	6.50661256545242E-4	
0.9999999923406716	1.2376856157467843E-4	
0.9999697641004003	0.007776302784090361	
0.4187556421079941	0.9080989550719247	
0.8241580277233578	0.5663599079553081	
0.9999999999974669	2.2508195933426654E-6	
0.9832544898464132	0.18223777927990054	
0.9999999743951029	2.2629580991985829E-4	
0.9755152570257933	0.21993176966936898	
0.9999999999831684	5.802000646576618E-6	
0.9999999964726874	8.399181600821785E-5	
0.9999999999988934	1.4876710020507178E-6	
0.9999999999991035	1.3389920298339137E-6	
0.9999894183257488	0.00460035178333156	
0.9999907121924603	0.004309933736858314	
0.9150986759629363	0.403229975635345	
0.999999999991872	4.031897791225906E-6	
0.9999999996860999	2.5055941193456258E-5	
0.34095569862746605	0.9400793645078359	
0.99999999997219	7.457876379183879E-6	
0.9994821167506722	0.03217915933637363	
0.9999985599121516	0.0016971074282466452	
0.9999905596116869	0.004345191308241062	
0.8640070539209863	0.5034797024456674	
0.9999505199639468	0.009947744660596967	
0.9999999988786612	4.7356916757737403E-5	
0.9999999999999071	4.30982887303664E-7	
0.9999999545351946	3.015453676797481E-4	
0.9999999999997784	6.65742991907236E-7	
0.9999997687037496	6.801414906619495E-4	
0.9995628356817857	0.029565816812450376	
0.9999999867957327	1.625070290100054E-4	
0.9998098929451277	0.019498152965149014	
0.9999999999995515	9.471476117102286E-7	
0.5101656201269407	0.8600761826957506	
0.999999959794186	2.8356943825110853E-4	
0.9999999999993969	1.0982157750007385E-6	
0.9999999999811556	6.139106716970406E-6	
0.9996184907520016	0.027620154718800322	
0.9999999999016883	1.4022245285202443E-5	
0.999996269609054	0.0027314406411801133	
0.8477162957772238	0.5304498862981708	
0.9821974075081151	0.18785167735300554	
0.9999999999999882	1.5330616958721815E-7	
0.9736835823746086	0.22790410574219336	
0.7028664393839288	0.7113218458530273	
0.9999999999993043	1.1795830919970601E-6	
0.9999999999331682	1.1561295978961773E-5	
0.999999999985927	5.305271837630885E-6	
0.9999999998893907	1.4873419434127729E-5	
0.9999866402339648	0.005169076666775055	
0.06301819627885964	0.9980123781485675	
0.9999999998081254	1.9589519802872676E-5	
0.9999137787218925	0.01313145544508344	
0.9993056081043863	0.037259919633875184	
0.9999999999060776	1.3705651241865077E-5	
0.9999999999998234	5.943653096846245E-7	
0.995493030754016	0.09483472844999301	
0.6818560028829319	0.7314864259386575	
0.9999999966183359	8.223945543177129E-5	
0.7299102789743751	0.6835429647414637	
0.9999982511249446	0.0018702264708914604	
0.9999999999999787	2.0661285185475102E-7	
0.9999999813940311	1.929039588104325E-4	
0.999999994942915	1.0056922985463284E-4	
0.9999999589067524	2.866818679596123E-4	
0.9999999302638132	3.7345999634018476E-4	
0.999999999995153	3.1135157062237293E-6	
0.9999967205001863	0.002561052297837635	
0.9999998645853952	5.204125202587978E-4	
0.9999999860580518	1.669847178904974E-4	
0.9999746685600229	0.0071177410933694375	
0.9999999999999952	9.738691097384356E-8	
0.9668454613973011	0.25536220114856445	
0.9899584749714249	0.14135847279965497	
0.9999879253840853	0.00491417195801957	
0.9835853035601444	0.18044376027033657	
0.9999999999961148	2.7875373137890007E-6	
0.9999999909148656	1.3479713889996147E-4	
0.9999997980316321	6.355601427306814E-4	
0.9967971721901346	0.07997122928748264	
0.9997589166557564	0.02195697081357625	
0.9999049309479902	0.01378872966936974	
0.9999981821464651	0.0019067521509784613	
0.9999999999999997	2.4061221667596962E-8	
0.9999999980022926	6.320929408505448E-5	
0.9967062426989799	0.0810966445969381	
0.9999999999621393	8.701803559524747E-6	
0.9999999991702373	4.073727267556508E-5	
0.9999940138848012	0.003460085918586885	
0.999968421833067	0.007947033200219845	
0.9999999952548412	9.741826169832437E-5	
0.997496828487878	0.07071122369627678	
0.9999999999826836	5.884956281166198E-6	
0.9999999997437038	2.2640505773089073E-5	
0.9999999999809227	6.176948506329111E-6	
0.9999910229229586	0.0042372247397224755	
0.9609031736523567	0.27688461651891905	
0.9999999999998603	5.285457955873442E-7	
0.6448214346229443	0.7643332502585558	
0.9999999831362067	1.8365071779346444E-4	
0.9995412385559966	0.03028716602695194	
0.9999999999998554	5.376015671440879E-7	
0.9995418584912831	0.030266699915777656	
0.9996023039927268	0.028199891000361296	
0.9999999999999571	2.9281330068575395E-7	
0.9999999999917498	4.062066028382804E-6	
0.9944847707348127	0.10488107921130067	
0.999777547714507	0.021091588038048028	
0.999999999999856	5.365697649622183E-7	
0.7798618448338218	0.6259516778253638	
0.999999998393341	5.668613718353392E-5	
0.9998178900289545	0.01908367831550207	
0.9999046569194704	0.013808586848632842	
0.9729272646599391	0.23111152650036476	
0.9999995314721147	9.680162968988025E-4	
0.9999874248398872	0.00501499372789905	
0.9999999999044249	1.3825706402292488E-5	
0.999999999999875	5.000006569877417E-7	
0.5663138793288084	0.8241896566200985	
0.9982948090434448	0.058373574816966985	
0.9998547681333654	0.01704237779695514	
0.9999999999999629	2.7245740132229624E-7	
0.9999986353185263	0.0016520778083887872	
0.9999999999999806	1.970028973029402E-7	
0.9998411081108504	0.017825782778513596	
0.9999999980582576	6.2317612357155E-5	
0.9999982428565064	0.0018746423391358315	
0.9966084576340549	0.08228962372176839	
0.9999999999997237	7.434219843836809E-7	
0.9999998058628518	6.231165691123422E-4	
0.9945888784966685	0.10388918505185757	
0.9999999999999296	3.753074907890695E-7	
0.6434407748083446	0.765495897646772	
0.9999821694384413	0.005971666868504955	
0.9859652071868794	0.16695092158156505	
0.9999999999988661	1.505935365693459E-6	
0.9986410321058057	0.05211611070150149	
0.9969105718553625	0.0785449662487305	
0.9974991459113314	0.07067852507066312	
0.9999999994684885	3.260403193088559E-5	
0.9993810414691399	0.035178600768894334	
0.9999999999999828	1.8542434491817433E-7	
0.9977050186643096	0.06771038127236974	
0.999999999999996	8.909579855999805E-8	
0.9999999992387766	3.9018543946616575E-5	
0.32082373298121736	0.9471389192489117	
0.9999999999999801	1.9911396883913157E-7	
0.9999999999611533	8.81438275969274E-6	
0.9998361729117032	0.018100478924016415	
0.9995454538958443	0.030147729535582965	
0.9981430487221481	0.060913498402698024	
0.9874440385600276	0.1579692081143118	
0.9999999820546941	1.8944817622291852E-4	
0.9999999699771164	2.450423766577267E-4	
0.9986791759294525	0.051379991872999436	
0.999999999528208	3.071781518406211E-5	
0.9999831342503882	0.0058078580191128545	
0.9999999787492762	2.0615879117486357E-4	
0.9725769430012773	0.2325813619839092	
0.9956537345037839	0.09313238410278434	
0.9999749928782883	0.007072030689088078	
0.7782777656835342	0.6279201537159369	
0.9745440176279179	0.22419624819705736	
0.7515932076582391	0.6596269022727916	
0.9999999999999759	2.195287723024215E-7	
0.999998849655352	0.0015168018896921382	
0.9994687202081705	0.032592596175235626	
0.9999999565711881	2.9471617179363356E-4	
0.9999999999996186	8.733358863384318E-7	
0.9999999999999408	3.4403660855154485E-7	
0.9999999999999936	1.1363468668438533E-7	
0.8449552089892046	0.5348370731372402	
0.999999998212632	5.9789096715076065E-5	
0.9999999998807427	1.5443917048269066E-5	
0.8577146470622969	0.514126039230459	
0.9949413280818487	0.10045772083183659	
0.9999999985826262	5.3242347986109576E-5	
0.9999928497467815	0.0037815942816502614	
0.9999999991131201	4.2116028067445884E-5	
0.9999999982437657	5.926608254778304E-5	
0.9999998963052621	4.554003349856228E-4	
0.9717843382736641	0.23587115102533612	
0.9999999999999645	2.663546792825885E-7	
0.6893793432973365	0.7244005252862074	
0.9999999877399014	1.5658926223889968E-4	
0.9999984262876005	0.0017740976079203396	
0.9987513298921724	0.04995779257149945	
0.9999742559670142	0.007175472334024946	
0.9999999972333222	7.438652760113584E-5	
0.9999999999963648	2.696369045528249E-6	
0.9999999999984847	1.7408986125612186E-6	
0.9999999998340781	1.8216580735398423E-5	
0.9999999914391002	1.3085029397884223E-4	
0.9938761638752195	0.11049964199343783	
0.9999999718204806	2.3740058528870427E-4	
0.999999995394632	9.597257868041477E-5	
0.9999991603972286	0.0012958413629664395	
0.9988041145036043	0.048891112184844085	
0.9035945000333557	0.4283888181424322	
0.999998778196247	0.001563203765664457	
0.9997881705511145	0.02058188587218487	
0.9950516929903556	0.09935858431472937	
0.9999955408453463	0.0029863505191669794	
0.9999999999470952	1.0286377580174694E-5	
0.9999999999992076	1.2588868505940656E-6	
0.9991083741089821	0.042219151878102205	
0.9992790892264817	0.0379644812251305	
0.999999999999901	4.4496548369475095E-7	
0.9999999999996072	8.863776009875726E-7	
0.999998539796103	0.0017089194427639912	
0.9999999999980148	1.9925755749498224E-6	
0.9996405722856432	0.026809070115015262	
0.9999999999999934	1.1473751464568976E-7	
0.9999999999999317	3.694018697318072E-7	
0.9999999979635252	6.381966438119586E-5	
0.9999998086677917	6.185987229485886E-4	
0.9999994328446147	0.0010650401160858956	
0.8101877314487905	0.5861704869829788	
0.9978284091175744	0.06586703240537314	
0.9999990144981489	0.0014039240474592782	
0.9998332415681195	0.01826168270960741	
0.9999934808784613	0.0036108448566192324	
0.9918520120436596	0.12739539318571966	
0.9999999999060992	1.3704071517570445E-5	
0.9999999258686061	3.850490648923686E-4	
0.9999999999999423	3.398583560864932E-7	
0.9999999999995836	9.125669773288182E-7	
0.999742381836189	0.02269735580422684	
0.9999999999984159	1.779926070792807E-6	
0.9998224391189834	0.01884383809543127	
0.9999999999999835	1.8159087308671237E-7	
0.9999999999987604	1.5745098629061627E-6	
0.9999999999990838	1.3535969606059985E-6	
0.9998959047474851	0.014428432666378443	
0.999991611582406	0.004095944924230798	
0.9999999998155408	1.9207251190134994E-5	
0.9191702984893602	0.3938603335891806	
0.9999999999999586	2.878882967842691E-7	
0.9814374088409085	0.19178272218227424	
0.9999999305515643	3.7268869926517737E-4	
0.9999999999999915	1.3103123081721232E-7	
0.9999999999143844	1.3085535595745371E-5	
0.9999620373247496	0.008713432695327688	
0.9999999777304716	2.1104278324944462E-4	
0.999999936568091	3.5617946855157594E-4	
0.9449869190936251	0.327108120874335	
0.9973840628994936	0.07228437641772321	
0.999999999999992	1.2647399354671617E-7	
0.9999999999999913	1.314012658638182E-7	
0.9957918127052591	0.09164423467504278	
0.999999296768976	0.0011859433179269175	
0.9999999880672457	1.5448465438937752E-4	
0.9999999999990145	1.4039765440140864E-6	
0.996629811095281	0.08203060182751573	
0.9999999999999197	4.0073403952477E-7	
0.9999999739960599	2.2805236154848252E-4	
0.9999999961641574	8.758815703464764E-5	
0.9323174950516806	0.36164082792262203	
0.9591639043301364	0.28285085227053675	
0.9999921641675865	0.003958737605175199	
0.9998685156819279	0.016215774665996198	
0.999999996044369	8.894527620137172E-5	
0.9999999999999839	1.791792435298586E-7	
0.9999999999998694	5.1102386972871E-7	
0.9999991514397336	0.0013027355114100616	
0.9999645355813148	0.008421851319361169	
0.8999565936625875	0.43597950585231915	
0.9984485600054377	0.05568189133881668	
0.9990246911395435	0.0441550279531078	
0.9999805040121599	0.006244325070553499	
0.9999999999992654	1.2121497306456434E-6	
0.9999999854473111	1.706029824101972E-4	
0.9987695153661357	0.04959289440327544	
0.9999999977143827	6.761090579623317E-5	
0.9235387963649866	0.3835050085836062	
0.9999989880675266	0.0014226257141880438	
0.9999999999986624	1.6356190318967108E-6	
0.9999382006758372	0.01111732113276831	
0.9999999996181759	2.7634186721520275E-5	
0.9999992533444395	0.0012220108687754738	
0.9984001912915108	0.0565425329205778	
0.9999999857695204	1.6870376100978256E-4	
0.9486572784127326	0.31630581422817244	
0.9999999990695878	4.3137273401591606E-5	
0.9999999999910772	4.224398270948562E-6	
0.9751263778692176	0.22164960451952018	
0.9999999992456766	3.884130252574371E-5	
0.9977708683810375	0.06673300690175982	
0.9999999999999737	2.2960501752460338E-7	
0.9999999619637245	2.758125257950089E-4	
0.9999999756657935	2.20609184997812E-4	
0.9999999999991385	1.3126277683189239E-6	
0.9999999999891879	4.650182152169954E-6	
0.9023948013020656	0.43091022566539955	
0.997975485830305	0.06359976164866254	
0.9999999999999968	8.004777931513086E-8	
0.9998484331359553	0.01741007626563407	
0.9999999987789784	4.9417034328029675E-5	
0.9999999760375382	2.1891761676611445E-4	
0.9999999999999992	3.842752786852626E-8	
0.004547083149189775	0.9999896619639796	
0.9999999999651511	8.348521600014674E-6	
0.9999999651043946	2.6418025983574963E-4	
0.9975060163545356	0.07058149429209458	
0.9473656415588296	0.32015362124115826	
0.9643343931660547	0.264686943684529	
0.9999999999061491	1.3700429190447055E-5	
0.9999999999992573	1.2188067266353375E-6	
0.9999999995961087	2.842151466035614E-5	
0.99999999996463	8.410716034816293E-6	
0.9999999998143043	1.927151405201136E-5	
0.9999999870058371	1.6120894964991307E-4	
0.9425760831320551	0.3339915081367087	
0.7922114575710771	0.6102466767571204	
0.9999999988196541	4.858695242045729E-5	
0.9999999997402194	2.279388908087086E-5	
0.9999999999261264	1.2155132439722878E-5	
0.9999999999983378	1.823294268493647E-6	
0.998004269513931	0.06314648075676953	
0.9999999999970143	2.4436361177570986E-6	
0.9999999990943963	4.255828202947132E-5	
0.9999999999998048	6.24756993831289E-7	
0.9980664094929731	0.06215659451582645	
0.38792246781244427	0.9216920087351865	
0.9999999999999594	2.8507943377832245E-7	
0.9999999999874665	5.0067084462306795E-6	
0.999999999995071	3.139717557282124E-6	
0.9999999999992657	1.211837199084545E-6	
0.999999998234156	5.94280078948107E-5	
0.9996764910522222	0.02543448913417131	
0.9217551737915667	0.3877723553690732	
0.9999999999693481	7.829675451181141E-6	
0.9999999999302416	1.1811727634641063E-5	
0.9999808470028915	0.006189154011639761	
0.9999999961354835	8.791491888147532E-5	
0.9999999999999998	1.8543455353755057E-8	
0.9999994734069698	0.0010262484022017034	
0.999999996422188	8.459092165559596E-5	
0.9999859553431636	0.0052999166427719815	
0.9999999999978127	2.091524749696134E-6	
0.9999999999999903	1.3880685165096485E-7	
0.9999999996298587	2.7208133431965507E-5	
0.9999999999998657	5.182704009086417E-7	
0.877755112560496	0.4791095515369225	
0.9999999999821689	5.971784879137171E-6	
0.9999999999998774	4.950508240699456E-7	
0.9999999999947352	3.2449439054323667E-6	
0.7128290052266941	0.7013378710062088	
0.9999735706092447	0.0072703564560361355	
0.9757158975753356	0.21903992151833257	
0.9943478496460039	0.10617134219914569	
0.9999661961821265	0.008222316768945404	
0.8789889576701828	0.4768421251251671	
0.9999999999976952	2.1469909403092586E-6	
0.9944943710729723	0.10479000860851802	
0.9999999948065056	1.0191657814577658E-4	
0.999999999989133	4.661977834278019E-6	
0.5963146940068879	0.8027507618878177	
0.044161539853773024	0.9990244033044156	
0.9999999989100099	4.669025791946106E-5	
0.9999999999993308	1.1568880092175358E-6	
0.9937821996805306	0.11134154479854266	
0.9999999999706862	7.656859098558381E-6	
0.9999780679167615	0.0066229665151485515	
0.7747100066384698	0.6323166972445233	
0.9893361008640117	0.14565053905562442	
0.9757785046816323	0.2187608507052342	
0.9999999999999535	3.049005745929015E-7	
0.9999999999527726	9.71879281925125E-6	
0.9999998677015917	5.14389734778025E-4	
0.7187830530281528	0.6952344372077146	
0.9377782916381713	0.3472346119444216	
0.9999700988772715	0.007733133348128555	
0.9999999999974927	2.2393432643501314E-6	
0.9999999579110534	2.9013426425934433E-4	
0.8005450504527444	0.5992725775434855	
0.9997680546052793	0.021536875139519383	
0.9999999974179704	7.186138856189369E-5	
0.9999999999999717	2.379846775544436E-7	
0.9999999999999933	1.1526636582669703E-7	
0.9999742266794261	0.007179552693842567	
0.9986894026288312	0.05118082723899824	
0.9999999968825648	7.896119539765543E-5	
0.9999999993658877	3.5612142280823405E-5	
0.999844381459531	0.017641226255785878	
0.999999999999164	1.2930413197882332E-6	
0.9926295939091644	0.12118782651622828	
0.999999905883679	4.3385784887951253E-4	
0.9978701332907489	0.0652318717062671	
0.994356620406095	0.10608916747043096	
0.9999999980410216	6.259358427705313E-5	
0.999999999999983	1.8429999049000924E-7	
0.9999999830161463	1.8430330183090023E-4	
0.9999471968656565	0.010276355410163114	
0.9918836848957735	0.12714855735548813	
0.9999999988088046	4.880973955025732E-5	
0.9993232058420991	0.036784918995012045	
0.9925358198890167	0.12195345930820223	
0.8359301396364973	0.548835860387517	
0.9855125047197787	0.1696027801686876	
0.9999999999900253	4.466470364364497E-6	
0.999999999992839	3.7844598508105726E-6	
0.9998066733276751	0.019662552465220327	
0.9999999864220991	1.6479017430960128E-4	
0.9499308471004592	0.3124602146306054	
0.9990506286349483	0.04356422183529168	
0.9999976906100831	0.002149133430137906	
0.9999988189560153	0.0015369081217210547	
0.999999999994794	3.2267516831583167E-6	
0.9733913740677188	0.22914893168103195	
0.9999999998458514	1.7558395490177588E-5	
0.9999999999980953	1.951774827937984E-6	
0.9999999999982706	1.859769035444895E-6	
0.9999325374248739	0.011615532663341538	
0.9999996668119384	8.163185727255921E-4	
0.6551782078240194	0.7554743648811031	
0.9999999998104693	1.946950131947238E-5	
0.6723836873327846	0.7402027945156436	
0.9998941213601525	0.014551497153505713	
0.9999983561907045	0.0018131783940973545	
0.9999998715112527	5.069294607436783E-4	
0.9999999996831543	2.5173224349072883E-5	
0.9999990211211159	0.0013991986313315545	
0.999999994503092	1.0485139957939623E-4	
0.8260174497574492	0.5636445446344709	
0.999999458492831	0.0010406796071418816	
0.9999684186009814	0.00794743988039775	
0.9999999930722279	1.1770957529722697E-4	
0.999999998987207	4.500650886006201E-5	
0.9999999999998904	4.6820852012456653E-7	
0.9552231412895265	0.2958863808034586	
0.9999999999273512	1.2053943311720099E-5	
0.9999999999665075	8.18443918201481E-6	
0.9999999999999161	4.096565975230068E-7	
0.999999999999997	7.704420128377525E-8	
0.9999999994703862	3.2545776168936124E-5	
0.968241150211636	0.2500181494148938	
0.998373240646635	0.05701642185139423	
0.9999999999999948	1.0209564205181916E-7	
0.999999998270553	5.8812362708279046E-5	
0.9999865771952855	0.005181257497680736	
0.9999999999999969	7.831547483452895E-8	
0.9999370817706658	0.011217508634491087	
0.9894585484040945	0.1448163698967145	
0.999999992297078	1.2412027942584886E-4	
0.9999999999999982	5.875705487725344E-8	
0.9999468741737486	0.01030770731780096	
0.9999999992663425	3.830554695268267E-5	
0.9999999999947682	3.2347430376183254E-6	
0.9999998944568718	4.594412317382963E-4	
0.9999999945790593	1.0412435521143776E-4	
0.999999009379435	0.0014075653266296159	
0.9999999999981531	1.9218764682118E-6	
0.999999834774306	5.748489894917106E-4	
0.9999998878906514	4.7351735417098184E-4	
0.9525650561858157	0.30433503533723133	
0.961569676385454	0.2745610268336956	
0.9999999966388637	8.198946548592275E-5	
0.99999999999997	2.448696818479404E-7	
0.9999999885346053	1.5142915634608418E-4	
0.9999997956373377	6.393162621232606E-4	
0.9999999931151019	1.1734477454105077E-4	
0.999996136546197	0.002779728886003462	
0.9999999998549064	1.703487902837646E-5	
0.9999928384319469	0.0037845851580207823	
0.9047812732540608	0.4258765637702556	
0.9999999996389696	2.68711890644243E-5	
0.9999999998744663	1.584510638389694E-5	
0.9999999990406037	4.3804026708795755E-5	
0.9999999999999009	4.4529311920603253E-7	
0.9999999999995909	9.045737973287077E-7	
0.9996867052767031	0.025029808089756075	
0.9999999999864055	5.214308792370724E-6	
0.9999999058367837	4.3396592479908114E-4	
0.999979273946832	0.006438297660625511	
0.9999999027885524	4.409341056990141E-4	
0.9999986030170172	0.0016715154842758399	
0.9999999999999958	9.150029906117141E-8	
0.8515988188026771	0.5241940974618897	
0.9999999999998317	5.802651735949505E-7	
0.9999999999419907	1.0771190394864746E-5	
0.9999999999336704	1.151777552726406E-5	
0.9999859565543235	0.005299688116721966	
0.7482471927583	0.6634200317516223	
0.9999999414321521	3.4225092004294607E-4	
0.9999981127190418	0.0019428222653108094	
0.9999999999999245	3.8854427340581994E-7	
0.9272273412867633	0.3744989420149009	
0.9999999997172411	2.378062093987553E-5	
0.9999999999998522	5.436468921655853E-7	
0.9999999957861331	9.180268913896417E-5	
0.9999999994786396	3.229118793484868E-5	
0.997873845148852	0.06517506553771149	
0.842792607285495	0.53823844261156	
0.999999999999964	2.68323729803112E-7	
0.9995541706389043	0.02985732671175197	
0.9999999990829999	4.2825229849365965E-5	
0.9999999999999624	2.7419083211269487E-7	
0.9725033159291315	0.23288903045623188	
0.9999999916176353	1.294786830893961E-4	
0.9999999999925399	3.862665774512629E-6	
0.9999999990970643	4.249554518426775E-5	
0.6460654362160747	0.7632820265975959	
0.9904874669352727	0.13760297178530362	
0.9987448904939069	0.05008636253825945	
0.9999999999991216	1.3254591950158517E-6	
0.9999776414949388	0.006687040467912798	
0.9999999999951698	3.108137811180417E-6	
0.7156193341573853	0.6984904928344698	
0.9999999973145202	7.328683222260415E-5	
0.9999999999979077	2.0456171072420006E-6	
0.9999990598692968	0.0013712259196099492	
0.9999999794872455	2.0254754639942174E-4	
0.9998357051782327	0.01812629721553887	
0.9999999999985932	1.6773301848658773E-6	
0.999999999999988	1.5458542812583182E-7	
0.9999999994398318	3.347142668998273E-5	
0.9999999872945512	1.5940795892873053E-4	
0.9999999947646436	1.0232650092004814E-4	
0.996528997906643	0.08324635926682954	
0.9999756186065389	0.006982993088193344	
0.9999466210226702	0.010332236221863422	
0.9897967687980856	0.14248633786040316	
0.9999863304853298	0.005228655896576609	
0.9999999999995367	9.62594655696413E-7	
0.9999976270123775	0.0021785246415823227	
0.9999954696374148	0.003010100437906672	
0.9999999999758921	6.943766481209788E-6	
0.9999999999994004	1.0951021122925132E-6	
0.9999999817573741	1.9101112912466302E-4	
0.5221856144979983	0.8528318615127767	
0.9999999999995105	9.893912267550375E-7	
0.23796132465875464	0.9712746305585516	
0.9900663550409683	0.14060089834667236	
0.9999216138729083	0.012520627372391718	
0.9999958604133826	0.002877352272243374	
0.9999999994716912	3.2505657654713526E-5	
0.9997357403751969	0.02298802767653152	
0.9999804540588547	0.006252319589302234	
0.9999999613798563	2.7792136675891977E-4	
0.9999840465220932	0.005648601711948332	
0.9999999999999988	4.8678794609013614E-8	
0.9604971890055588	0.2782896870392791	
0.999999999934011	1.1488169377607452E-5	
0.9999999976877642	6.800346757397386E-5	
0.9999999999997848	6.560327030118754E-7	
0.9999999999905442	4.348748537496739E-6	
0.9999999999999755	2.2166635318359188E-7	
0.9999999999998801	4.896693596210593E-7	
0.9999999999961289	2.782472219446116E-6	
0.9999993554687607	0.001135368690421768	
0.9999999999993561	1.1348469112436458E-6	
0.9999983231499464	0.0018313102673588341	
0.9999999999980888	1.955114571516674E-6	
0.9891100927079571	0.14717752716789523	
0.9999690941278625	0.007861983789224623	
0.9999999999996486	8.383057625775808E-7	
0.9999999998446645	1.7625863343729177E-5	
0.9999989301930916	0.001462741491942328	
0.9997392884966733	0.022833200304941435	
0.999999997537686	7.017569420082206E-5	
0.999999994629952	1.0363443351164084E-4	
0.9999999999995198	9.800095381987866E-7	
0.9998480149746862	0.01743407442852982	
0.9988115502622392	0.04873896862616503	
0.9999999826769768	1.8613448412905964E-4	
0.9999882352919032	0.0048506986904365244	
0.9999999565129197	2.949138155120309E-4	
0.9997683392946746	0.021523655450885183	
0.3629079733878869	0.9318249850972535	
0.9999899933427212	0.004473613128610468	
0.970307491805201	0.24187470175009979	
0.9999768152032533	0.0068094827966992625	
0.8973432702168976	0.44133327021248225	
0.9999999996520291	2.6380706567689768E-5	
0.9999990894877018	0.0013494531364443324	
0.999999988454948	1.5195428229150795E-4	
0.9999633644784395	0.008559772249280345	
0.9999998838566497	4.819612921164066E-4	
0.9999982855493085	0.001851728501637978	
0.9995291393715074	0.030683864607537685	
0.8606889560510649	0.5091311431563857	
0.9999773816890145	0.006725779537199423	
0.99796227999395	0.06380664314377324	
0.9630382075252913	0.2693648285253177	
0.9544927338952844	0.29823417131694624	
0.9999999931643161	1.1692462396278337E-4	
0.9999999999999956	9.414868290275582E-8	
0.9999996690166499	8.13613293019181E-4	
0.999999999991598	4.099255898730317E-6	
0.9999999999942771	3.3831425532119848E-6	
0.9999999895317909	1.4469422223292402E-4	
0.9999999999999793	2.0335218094097417E-7	
0.999999947276432	3.247262435039522E-4	
0.9999681594622649	0.00797997880011147	
0.9997893415372461	0.020524925055160882	
0.9999999999880984	4.878855463936414E-6	
0.9999701033005121	0.007732561358516719	
0.9999909508371655	0.004254203072462148	
0.9935135800119802	0.11371352747926956	
0.9956473902419243	0.09320018403654283	
0.9978522693349481	0.06550456917722723	
0.9981746707680125	0.060393100907057	
0.9999999999877887	4.941921915973596E-6	
0.9969112276417549	0.07853664241492059	
0.9999999999999875	1.5838070580615538E-7	
0.9999998555552179	5.374844587810741E-4	
0.9999999999958192	2.891630564722419E-6	
0.9999999999822298	5.961580975549009E-6	
0.9768003236321355	0.214152113583208	
0.9999999688958242	2.4941601924255663E-4	
0.9999999815413154	1.9213893089556016E-4	
0.4100873051469324	0.912046271938725	
0.999999999955344	9.450502162054636E-6	
0.9997741352316225	0.021252729750822437	
0.9999999916787288	1.2900597770606348E-4	
1.0	0.0	
0.9999999752504953	2.2248372692950546E-4	
0.9999555243653871	0.009431293185120147	
0.9999999999995766	9.202454322942936E-7	
0.9999999492107662	3.187137667096217E-4	
0.9999996666612705	8.165031217382597E-4	
0.996314516162169	0.08577519970564397	
0.9999974500282794	0.0022583039961119574	
0.9990032731868957	0.04463698199776259	
0.9999970693531406	0.0024210091140250047	
0.9999999999999846	1.7564858752485467E-7	
0.9999954503412061	0.003016504083933346	
0.9999813189123522	0.006112432111079027	
0.9999998970331265	4.5379922480269535E-4	
0.9999679829202637	0.00800207063074002	
0.9519223728974489	0.30633934774574806	
0.9999958499541823	0.0028809849726273394	
0.9996728468019357	0.02557732133968884	
0.9999219447702006	0.012494173321186469	
0.999553600434371	0.02987640973553861	
0.9998776647410224	0.015641468985988855	
0.9999999999998482	5.510278257226411E-7	
0.9999890277372838	0.0046844855685315104	
0.9999997423103246	7.178992159788783E-4	
0.9999965267027374	0.0026356370124491877	
0.9999999999999617	2.76950281107435E-7	
0.9999999999996916	7.853251296292632E-7	
0.9998513715995905	0.017240496234671797	
0.9999999999875884	4.982286071181314E-6	
0.9907364311654783	0.1357988363775315	
0.9999999999998064	6.223187609172647E-7	
0.9988294309092639	0.048371147903228336	
0.9419094565624446	0.33586690167124267	
0.9999999995739508	2.91907234121384E-5	
0.9921843133407412	0.12478096153084327	
0.9999999999902968	4.405282805533708E-6	
0.7396721622018413	0.6729673784543	
0.9999989974490585	0.0014160158466463325	
0.9999999999491593	1.0083713584492699E-5	
0.9999999997256197	2.342564088624841E-5	
0.9999999999883569	4.825586674949694E-6	
0.9999929910995269	0.0037440288222162516	
0.9999999999303606	1.1801644567331885E-5	
0.9999906849519244	0.004316249457689455	
0.968252249318017	0.24997516214736332	
0.9971664352357398	0.07522699275690277	
0.9999685958736494	0.007925103562864886	
0.9345693727689579	0.35578095435567725	
0.9999999952481121	9.748731042333069E-5	
0.9999998780444906	4.938734694746306E-4	
0.9997954597695532	0.020224703315194745	
0.9976054432269	0.0691619812039847	
0.38074162410155016	0.9246814671423419	
0.999999999998733	1.591848876093019E-6	
0.9988886540106491	0.04713233379320296	
0.9999999999973945	2.2827523643007687E-6	
0.9976640885809954	0.06831080702093682	
0.9883951541569752	0.15190463863559037	
0.9975902737574754	0.06938044180087986	
0.9999999999997445	7.147822652820865E-7	
0.9999999539844392	3.0336631256436784E-4	
0.6830727229874886	0.7303503646267712	
0.9998700565317173	0.016120485453618973	
0.9999999916253861	1.294188074311394E-4	
0.9999263492010602	0.012136563493819084	
0.9999937929462068	0.0035233604781254577	
0.9999918745577341	0.00403123039641321	
0.9999748028979666	0.007098842805192517	
0.9840707053412631	0.17777752076443473	
0.9999999195370513	4.011556943201037E-4	
0.9999987989080946	0.0015498975346997846	
0.9999996067693611	8.868264335311625E-4	
0.9999999925294899	1.2223346580342377E-4	
0.996472810905373	0.08391625066901325	
0.9989638802919089	0.04551006341604854	
0.5002105717718033	0.8659037959772007	
1.0	0.0	
0.9999506948784542	0.009930146630160064	
0.9999999999895285	4.576353411548394E-6	
0.935031063118678	0.35456580630844087	
0.99999999507858	9.921108830172156E-5	
0.9999999999998331	5.776138027588353E-7	
0.9999999999999946	1.0443065601978894E-7	
0.7364258061096081	0.6765183161569345	
0.9999999999865958	5.1776687255068064E-6	
0.9999999999995005	9.994905501785545E-7	
0.9999999999189289	1.273351300412709E-5	
0.9999461186939805	0.010380737394024946	
0.9998112690919493	0.019427459863446392	
0.9999876865753129	0.004962529370563269	
0.9999999999999367	3.556114884519114E-7	
0.9999999999999478	3.230000369037866E-7	
0.9999999999665485	8.179417870607034E-6	
0.9999999999990804	1.3561368234914414E-6	
0.9999999999434661	1.0633332804981457E-5	
0.9999433118848668	0.010647676588057271	
0.9999530198118383	0.009693202215232411	
0.9999580727890939	0.009157110020159754	
0.9999999891717917	1.4716119266372632E-4	
0.9999309434241109	0.011751952304507053	
0.9999998054132541	6.238376823629342E-4	
0.648556259187104	0.7611667219927774	
0.9998099493766912	0.01949525910005442	
0.9999999999917031	4.073544877015939E-6	
0.999999999999999	4.3912100480312946E-8	
0.9999954976928788	0.0030007655642579076	
0.8794495418861016	0.47599212522511974	
0.9999988085057957	0.0015436926471550547	
0.9652782825544849	0.2612237302173445	
0.9943652993463329	0.1060077895999999	
0.9261931813167158	0.3770493215514664	
0.9999999549031536	3.0032264425876537E-4	
0.9986966819230954	0.05103858849732958	
0.9999761436282895	0.006907399966305983	
0.95455163677799	0.29804558833249006	
0.9999999999999784	2.079449048247618E-7	
0.9999999999418856	1.0780950865737714E-5	
0.9999999001569746	4.4686244055552063E-4	
0.9999999919730019	1.2670436512856275E-4	
0.9999999703471788	2.4352749628856596E-4	
0.9999695798854451	0.007799955366956079	
0.9999701506324065	0.007726438002228011	
0.9999999925852482	1.2177644926654787E-4	
0.9999999999999896	1.4467402997660709E-7	
0.9999999999993788	1.1145612359401358E-6	
0.9999999999964225	2.674886765403323E-6	
0.9999993180242078	0.0011678831787741578	
0.999999995804382	9.160368976443747E-5	
0.9999998535211252	5.41255695811108E-4	
0.9999999999999425	3.392678779320804E-7	
0.999999999999825	5.915759162965295E-7	
0.9999999988348406	4.827337501827101E-5	
0.9999978094104102	0.0020931255053105225	
0.9999997158511963	7.538551098813844E-4	
0.99999999999998	1.9964450645806694E-7	
0.9999954967211387	0.0030010893760454276	
0.9999999999999918	1.2789033832280944E-7	
0.9999999999848835	5.49845738673609E-6	
0.9999999999848589	5.502918506562919E-6	
0.999999999900898	1.4078490673768314E-5	
0.9981337593281684	0.06106552619455696	
0.9999987009143261	0.0016118838854623288	
0.9999703063143517	0.007706263010148231	
0.9999999999997075	7.648535915578568E-7	
0.9999999983436	5.7556929305708906E-5	
0.9935165839730558	0.11368727884204975	
0.32155782744481304	0.9468899427119141	
0.9694128977614648	0.24543559980923665	
0.9999999999997686	6.803137589888579E-7	
0.9999999999999829	1.8499753154274257E-7	
0.9999999999999944	1.0564460876079921E-7	
0.9999974165335143	0.002273087393227302	
0.146173431412744	0.9892589792107139	
0.9999220579446991	0.01248511256007141	
0.999996422250559	0.0026749740338579057	
0.9999999999913608	4.156728453228519E-6	
0.999997295529595	0.002325711395640929	
0.999999999886449	1.5069899591058525E-5	
0.9999999968470228	7.941003980591933E-5	
0.9999998070983619	6.211306134868014E-4	
0.9999549870194944	0.009488094373623591	
0.9997421497059352	0.022707578060098328	
0.999999999999529	9.705489660177655E-7	
0.0019582203050011677	0.9999980826847805	
0.9726095406517414	0.23244500733121473	
