0.7101849056320707	0.15727530851880778	
0.574836350385667	0.2418203706339328	
0.9464192094792073	0.027159206509509426	
0.039405954311386604	0.8014906694601319	
0.4864098780914311	0.3025690872269633	
0.4457367367074283	0.3323648176530626	
0.6008140654988429	0.22487803185637756	
0.550376169584217	0.25812658115806775	
0.6580583901495688	0.1887920179451087	
0.9744965039734514	0.012834105140654972	
0.6300783865329214	0.2062252293421506	
0.848943650191653	0.07861861849088081	
0.35625029673016806	0.4031329321112045	
0.13619253389673736	0.630957273616269	
0.6074814346030327	0.22058904639270516	
0.9678613587724542	0.016200549516084517	
0.9577601015152503	0.02134781381981765	
0.9564654926139553	0.022009461899576754	
0.8489499734859746	0.07861518707655346	
0.09680449026535276	0.688865800231873	
0.3709693322851644	0.39092748191601656	
0.2620576723220621	0.4880843113147809	
0.7840774822904888	0.11451850257021812	
0.009231772349260536	0.9039178874646246	
0.8087736458178644	0.10068156595237954	
0.16559722400679533	0.5930636118423478	
0.09340002888404408	0.6943858169455415	
0.5903294413910882	0.23167100706071997	
0.9471566138938478	0.026780284882263694	
0.3525301310482255	0.40625752127018444	
0.5697332656335455	0.24519322629328133	
0.987553287784142	0.006242842650105995	
0.3066192974291233	0.4462678468527195	
0.27814078100067885	0.47260946064545406	
0.36546629298342326	0.39546191767315164	
0.3359469223498933	0.4203907157835606	
0.4133804877548868	0.3570532776700026	
0.4538907613519919	0.3262858459613662	
0.2730592802213989	0.4774492558407376	
0.9723300179905568	0.013932041900479919	
0.7982397436021529	0.10655736412338546	
0.10484486077360433	0.676202438592252	
0.9525944212075671	0.023990562951583416	
0.545613050676935	0.26134375337581084	
0.1732215015315487	0.5838011274263843	
0.6137418293715882	0.21658323392233414	
0.5680799380469259	0.24628922122147812	
0.45491032084995053	0.32552959972290074	
0.18959532980866056	0.564574541616294	
0.3323071172856674	0.42353914505348467	
0.12330980698834149	0.6488450384967607	
0.6027854904929627	0.22360738637403133	
0.02559357936621165	0.8400200657388195	
0.536693424891393	0.2674063712457001	
0.8984321846068206	0.05214337339088004	
0.5378800641051089	0.26659692930482703	
0.6781250784576026	0.17651649776233969	
0.5314741585722758	0.270977257849746	
0.779982046151748	0.1168340777907313	
0.6793372014523019	0.17578085350296435	
0.2400088267353323	0.5100930427771695	
0.1654038845730098	0.593301236081286	
0.9499846312346308	0.02532844956127356	
0.4648486801924734	0.3182018772448304	
0.6327295636483228	0.20455700163473511	
0.31219889294401393	0.4412523888695238	
0.35383775762868575	0.4051573673410036	
0.944816482056446	0.027983291266839405	
0.23444257865170992	0.5158072918230698	
0.19088035186690788	0.5631014398434027	
0.6020331949813815	0.22409201899878517	
0.5570344284768556	0.2536526087157164	
0.593932205173588	0.22933002836908978	
0.7527609831115419	0.13238200623111673	
0.4773781346476882	0.3090744362467921	
0.5594593615808806	0.25202983911062293	
0.9534549210159888	0.02354983690103829	
0.7459459720931372	0.1363183618409286	
0.017229793426724038	0.868737692284784	
0.8730556437051517	0.06562553346896749	
0.6168747291493683	0.2145862688051805	
0.4832572289616397	0.30483294888088974	
0.21935776820463992	0.5316435457852215	
0.8923607413147788	0.055351525002671265	
0.29422442690631245	0.45757541823188685	
0.7857797778700744	0.11355779778370523	
0.7804000643835558	0.11659745054502146	
0.15833336741295634	0.6020887442997417	
0.42980373846639464	0.3444058126657965	
0.05176758584871599	0.7724750874108156	
0.9174804836670649	0.04214798446364121	
0.6562104511199066	0.18993182316553958	
0.17815120932599882	0.5779203756090578	
0.9094355771151895	0.04635668244611002	
0.2464066057249833	0.5036064003988536	
0.9005122826617049	0.05104674368981432	
0.13070389457118314	0.6384700640732732	
0.45220345286338093	0.3275392555223904	
0.8939689483748245	0.05450068832662569	
0.9000004655461863	0.05131645658513384	
0.1156846820208638	0.6598754904143722	
0.626246114863632	0.2086428651590787	
0.5072138319564451	0.28781053647470667	
0.5573059076337885	0.2534707590229378	
0.39473455691401227	0.37172095617153333	
0.9427443030208462	0.029049793747976893	
0.5891638134465607	0.2324299292920804	
0.051109676478256594	0.773925506794206	
0.36203286911574206	0.3983083272009309	
0.3210187093699124	0.43341487014755464	
0.6383107713985136	0.20105646545045908	
0.2731723202627616	0.47734110524859374	
0.41512577645231097	0.3556974495997156	
0.5337688949499849	0.26940510886676405	
0.8983091849066257	0.05220825868410006	
0.4481721908789924	0.3305433614646932	
0.011409303382342029	0.8931856592851782	
0.4219286858925443	0.35043962105702264	
0.13464783354796606	0.6330560893706423	
0.6512267941091774	0.19301375841395074	
0.050190124468498354	0.7759684743869775	
0.7741874285984561	0.1201207874949789	
0.7466800904842843	0.13589347272209296	
0.0561357219676798	0.7630702172210513	
0.6274737354897952	0.2078676022975735	
0.525016771374022	0.27541958943536016	
0.6962444292761897	0.1655873746903217	
0.3967973717900123	0.3700814562262734	
0.8991063201459554	0.05178782957296135	
0.7150807876771771	0.15437550432997915	
0.18820869994702982	0.5661697337125615	
0.30491606475054833	0.447807945773802	
0.25762288031455316	0.49243435861501306	
0.4791967957677358	0.3077595823937064	
0.7736226911215469	0.12044176365544335	
0.8990298828320851	0.05182813644778239	
0.2791312201185566	0.4716712953865211	
0.17955322390897055	0.576262789090962	
0.5627652558924392	0.24982318358107125	
0.2430540826803267	0.506994845178748	
0.9287876089255066	0.036263724390584895	
0.6856797812678169	0.17194216309015176	
0.5332245265120554	0.26977775539767657	
0.06694843970801267	0.7412560344510182	
0.326896364405442	0.4282514849993557	
0.7177045438482816	0.15282555288283062	
0.49724992896802855	0.29484049395329814	
0.4477813826270377	0.33083530978761466	
0.9723927899692356	0.013900212975768045	
0.1157210259638356	0.6598220672003612	
0.15296770566042484	0.6088891389127312	
0.9863777326605935	0.006834488788201254	
0.6964448745366538	0.16546727174025477	
0.8756283545024679	0.06424984397411515	
0.7856521728417231	0.11362977664989049	
0.3829007994628951	0.3812102138343789	
0.7761357196846923	0.11901434762835539	
0.8005958086909245	0.10523980380722986	
0.6080972111394235	0.22019411957883805	
0.21413355195492978	0.5372543334023215	
0.5766658147027331	0.2406148442965631	
0.657342272059365	0.18923352803697846	
0.43323344271511177	0.3417952881396915	
0.14588830702777233	0.6180467214072219	
0.8102399775715718	0.0998666890001394	
0.7977108058849922	0.10685342418783683	
0.3574885865103208	0.4020965073606604	
0.7758873887776055	0.11915529814977854	
7.813870508057708E-4	0.9720466987494183	
0.30855656799524556	0.44452131634486136	
0.39998980054804145	0.36755253139249466	
0.7956222011066237	0.10802343018068927	
0.025840401072515062	0.8392505021080467	
0.8867565566409571	0.05832247736236318	
0.590558683997932	0.23152183895836576	
0.18411178929138938	0.5709175029305094	
0.6705438260910945	0.1811325955375348	
0.8011874772428372	0.10490923519296813	
0.8285504421500708	0.08975253796010463	
0.7021459849208151	0.16205848359159625	
0.9731556959184339	0.01351345882549726	
0.499808133838887	0.29302890169478146	
0.944941211686685	0.02791913315471284	
0.04251246952697041	0.793814477891947	
0.7677978923276081	0.12375922696577968	
0.6475213670220381	0.19531287631649152	
0.7916686469555972	0.11024236617177752	
0.6098712274478364	0.21905747493952132	
0.23710506840109502	0.5130656426158706	
0.6392794096900445	0.20045049578525498	
0.855082100251624	0.07529350588869332	
0.05335345583826612	0.769016329931603	
0.4760653904926879	0.31002507980891947	
0.9229360282658972	0.039304403952065026	
0.8444611483852774	0.08105432783799593	
0.3556266835103211	0.4036555663793606	
0.038024628812456385	0.805000951765255	
0.7876377978962372	0.11251039561229947	
0.9419118736319326	0.02947855581036607	
0.49408154917545255	0.29709065365763376	
0.18480793287413122	0.5701070681272705	
0.6260853254974	0.20874446258026091	
0.91655241815997	0.04263255843956648	
0.4329596851785281	0.34200327874788916	
0.09514046640494866	0.6915515174215495	
0.06278547917266408	0.749429692156744	
0.10375085577417797	0.677896203415455	
0.4796564747598022	0.3074276393330425	
0.5990240974430877	0.22603352950978062	
0.755453459639049	0.13083174261881325	
0.32927978051343576	0.4261709483535747	
0.8440964138021724	0.08125280201669605	
0.10045416746393965	0.6830549456704843	
0.12301341863295212	0.6492673117131051	
0.21860352613492695	0.532449440022871	
0.5769926652371936	0.24039966743214647	
0.22683737263480253	0.5237255280462719	
0.7311852658752909	0.1449062824021622	
0.973116050835702	0.013533553112067609	
0.9309669504570521	0.035133713690310264	
0.4006971627565148	0.3669935523578651	
0.5754341743359911	0.24142622353788745	
0.6179981913460628	0.21387139007280564	
0.5879192251588925	0.2332410905904696	
0.9677311204467891	0.016266743244496618	
0.04109839126785031	0.7972726183569414	
0.9304654880334534	0.03539360979026607	
0.12670164706713638	0.6440482517712037	
0.7350102049390299	0.14267263840524147	
0.8918002450775189	0.05564824081409214	
0.7425285017992918	0.1382990647566339	
0.5670641962298223	0.24696335000889746	
0.7740866144303773	0.12017807800079383	
0.23978403501434142	0.5103225193922623	
0.07898976258993862	0.7189488256741512	
0.8190048277462649	0.0950111449601907	
0.12600419082421932	0.6450293099082414	
0.08561374065922522	0.7074017418725373	
0.6392527495851686	0.2004671679129314	
0.39106939550144104	0.37464458465490125	
0.6086806599117044	0.21982011054391792	
0.6797022823147313	0.17555941250158524	
0.4606197370613344	0.3213102792429118	
0.7668123253672247	0.12432179119997244	
0.2718586961455388	0.4785992940688143	
0.6544338023433635	0.19102917089467097	
0.21110734988326108	0.5405358013041048	
0.4455419534000238	0.3325107091495596	
0.17079892007331765	0.5867217401395064	
0.603178275151773	0.22335447265063513	
0.4514096641345092	0.3281297267072242	
0.7616387660448062	0.12728082062738755	
0.03711408754223888	0.8073498311907334	
0.5412882198273083	0.2642770767284002	
0.3784907328114252	0.3847839949973463	
0.246149173944756	0.5038657702347519	
0.11362123916561917	0.6629225027302784	
0.47420546701681876	0.3113742184489323	
0.017389859753449532	0.8681293825241971	
0.4750211884969906	0.31078219081556624	
0.889814033888265	0.056700453785614835	
0.11909500934437833	0.6548985520975341	
0.5631739658744237	0.24955082392314953	
0.06026243426450251	0.7545159185109909	
0.7255351237322261	0.1482165041912199	
0.6789624954597737	0.17600819454331118	
0.5915742403724519	0.23086136466014662	
0.683465127037708	0.1732805028078097	
0.3826540954239641	0.38140958993534013	
0.45200071960032584	0.3276900122708827	
0.1546941328541861	0.6066882497888144	
0.845556812822885	0.08045836808609641	
0.2980337103713778	0.45407536200371224	
0.9739493159975738	0.0131112950298935	
0.35727884889857087	0.4022719272958891	
0.3122992459764167	0.4411625943296058	
0.025793175560792525	0.8393974609142417	
0.33754141641632773	0.4190168535866744	
0.869387020249939	0.06759074422765465	
0.07197249873665867	0.7317230931730078	
0.6528545075773345	0.19200587404527836	
0.3106495708442023	0.44264053713586027	
0.9729075274134276	0.013639250875508768	
0.9898449894540736	0.005090461672985214	
0.14898361067555055	0.6140160486813596	
0.8835326881047868	0.06003580488149085	
0.1622151594622473	0.5972405687482325	
0.24344423201276444	0.5065993189984792	
0.5510151135240291	0.2576960773887631	
0.9156247838425643	0.04311715249850767	
0.023361434931573166	0.8471555204412892	
0.05330749095293552	0.769115849498205	
0.6006763921916968	0.22496684445651183	
0.6235948534167742	0.21031977774748956	
0.10154750015771319	0.6813348149582179	
0.18580513256285403	0.5689488051717592	
0.9564020408727231	0.02204190229196268	
0.7549472135002034	0.13112301589914155	
0.733228083997774	0.14371261599987706	
0.1977938414313125	0.5552598045697774	
0.381757914662458	0.3821343878621679	
0.4252197066368434	0.3479112739535797	
0.3670470535810171	0.3941559164430034	
0.41727101135847067	0.3540348218684921	
0.3765691261374111	0.38634771560971837	
0.7618770821690495	0.12714429476055467	
0.7269064528193832	0.1474119090560887	
0.20986505717826254	0.5418896888540244	
0.5615740214469667	0.250617573299876	
0.6942851083239155	0.16676227382342101	
0.2808226247888542	0.47007300050964174	
0.1679115588385851	0.5902298707341089	
0.7534016770414668	0.1320128589423304	
0.45669090151247216	0.32421090456232415	
0.8708245545413195	0.06682019174152753	
0.47702794319689446	0.30932790472113725	
0.0738981812784002	0.7281578007769945	
0.6299233464920341	0.206322895320752	
0.032001069429998696	0.8211115726772726	
0.864514585889058	0.07020723497703096	
0.6263024405185023	0.20860727794697131	
0.8375667389596999	0.08481327645135717	
0.48290531255466207	0.30508611141044095	
0.2145733496734622	0.5367793725734332	
0.2404995747659332	0.5095924401419436	
0.5336500461162658	0.26948645042253616	
0.5048760226826967	0.289453715312861	
0.14724955604353407	0.6162689013859652	
0.5405560439798348	0.2647748345031743	
0.6714330037298482	0.1805898440159237	
0.4444373544143825	0.33333865087708703	
0.601166547954339	0.22465069294263307	
0.11996764845799401	0.6536365370625908	
0.42665935059187077	0.3468083354850042	
0.3707897371392943	0.39107493306705277	
0.7345367108852097	0.14294882831582945	
0.9235276423242446	0.03899654406227837	
0.56368678339013	0.24920922795353295	
0.9995068340275408	2.466133953129557E-4	
0.2645966333699873	0.4856104264567688	
0.02944914647663832	0.8283924638116428	
0.47919193696518037	0.30776309187881323	
0.3539039996010447	0.4051016896972688	
0.702528034749561	0.16183054532537333	
0.9013524456641576	0.05060416808153323	
0.43568809346365767	0.3399332659013502	
0.2771465445101805	0.4735529043577308	
0.809090614272789	0.10050535617337386	
0.8369541251964625	0.08514803099273893	
0.0058820877532062	0.9233052299488016	
0.8310163835933903	0.08839899978477961	
0.9956062042452809	0.0021993163736151455	
0.7787721955200675	0.11751929453383092	
0.28893625731592054	0.4624720869425286	
0.821358409022507	0.09371174065725263	
0.32559880405520736	0.4293873432395603	
0.8718869535272925	0.06625112930333754	
0.030989941586163305	0.8239603976766497	
0.1755782918524018	0.5809793658393398	
0.23430791025454145	0.5159463766745037	
0.15477485467539442	0.6065856450567743	
0.3848346074719968	0.37964960911433543	
0.6641660664660015	0.18503615634434334	
0.07645768960520505	0.7234901636375208	
0.5514586776141996	0.2573973622358996	
0.6774252274463177	0.17694154068722567	
0.5060708146246737	0.28861345625273893	
0.1370777947873819	0.6297598147318664	
0.8966937796092721	0.0530608363737024	
0.2189499267592594	0.5320791447699094	
0.7268531997677986	0.14744313986233237	
0.7958363639741706	0.10790338865447391	
0.07063714739484983	0.7342235010486258	
0.8834688953099853	0.06006973912423408	
0.7488948207784518	0.1346129069725781	
0.12225909977869287	0.6503443125320383	
0.4454224991384309	0.3326001954312311	
0.9186726490642793	0.04152587459844315	
0.5845442267784315	0.23544507929225156	
0.29737306179272494	0.45468077074733104	
0.7532906505283884	0.13207681761091994	
0.2010985977888029	0.5515598169334032	
0.17593137462352015	0.5805582583677202	
0.9067274415659494	0.0477776301903271	
0.17440173326411534	0.5823856644413229	
0.943184290252751	0.028823244587911856	
0.8792837242145936	0.06229870203001553	
0.3304077287474668	0.42518896257338024	
0.9121820099294111	0.044917799386141266	
0.6798244579288406	0.17548531976147286	
0.8269289028882043	0.09064368760743502	
0.16757391989487602	0.5906420638428076	
0.7750343809744333	0.11963963005231015	
0.21463816629404775	0.5367094148441522	
0.9167702882516033	0.0425187791650411	
0.8762171711046121	0.06393527408377786	
0.31546879356367497	0.4383339127527148	
0.08994142794096527	0.7000976359863675	
0.4768732122015956	0.3094399286075138	
0.583243714420873	0.2362960557775854	
0.8911849992393669	0.05597404736979461	
0.05945981698516556	0.7561561627082498	
0.23190174608960779	0.5184382219386512	
0.32565872404416285	0.42933484069538397	
0.6073662276606514	0.22066295631437394	
0.9891043089425745	0.005462766437286937	
0.05849662506716413	0.7581392444666475	
0.8205366383237079	0.09416522570409791	
0.47542020975399757	0.31049277759112803	
0.5886732593708888	0.2327495458646579	
0.1582874444499517	0.6021464535159304	
0.229629156153919	0.520803635078563	
0.2806288717815081	0.47025584308884716	
0.3861317886381739	0.3786049657116869	
0.7000827295566343	0.16329053456015308	
0.2838755561341437	0.46720026639069745	
0.5896459074666649	0.23211595441325594	
0.39615942219971234	0.37058803459124456	
0.6868842387531044	0.17121520359438036	
0.5637443688673548	0.2491708790494639	
0.04850749043542879	0.7797558390435089	
0.005945753283433497	0.9228912891857639	
0.7887224370155868	0.11189953439062605	
0.6932493365556812	0.1673840401747747	
0.6227976701947076	0.2108246898218954	
0.7037528333582883	0.1611002244854941	
0.14891206539676483	0.6141087388955733	
0.6986468987673169	0.16414899726846244	
0.7138372467380835	0.15511110390887284	
0.40955214890380975	0.3600373847607895	
0.7191783570997208	0.15195615850374766	
0.8072361803248639	0.10153676740510753	
0.1482407425534067	0.6149795556682649	
0.3320831872954143	0.4237334060563511	
0.5082057730396007	0.2871144740986806	
0.517346848594793	0.28073172696497106	
0.8829133771336748	0.06036529590820516	
0.472969491650175	0.31227222562253965	
0.23851299816872462	0.5116220744456967	
0.8575139268380965	0.07397952137218022	
0.893535688026975	0.05472983331379011	
0.12606743969523615	0.6449402308128445	
0.2981590580563387	0.4539605709691481	
0.3710030090155463	0.3908998366314894	
0.12181092715979225	0.6509857779978125	
0.9790114736258949	0.010549913524742327	
0.5466375713886922	0.2606505755810098	
0.5112633062482949	0.28497321291556155	
0.5452260451543097	0.261605765763092	
0.7139593916868119	0.1550388223789143	
0.4884170534097918	0.30113159077706786	
0.8145498640390916	0.09747583742090782	
0.40280438690153186	0.3653312778295027	
0.3258297119137329	0.4291850458215615	
0.5629373908577707	0.24970846275746206	
0.4278705693959671	0.3458818383533697	
0.3613041636147387	0.39891417949286245	
0.7288623735968036	0.14626563054026953	
0.8164736321723789	0.09641069496569465	
0.31357735390151653	0.4400202200958355	
0.9385437688612097	0.031215313466810723	
0.6061231988957294	0.2214608559001484	
0.01913014891707754	0.8616882184444234	
0.726335618740233	0.14774674025837076	
0.8140115189335739	0.09777413086656961	
0.8716116999598023	0.06639853258480666	
0.3693297290735609	0.3922749560257033	
0.36386908085604275	0.3967843827817098	
0.7516433319685786	0.13302633721168977	
0.5609203004287598	0.25105387348036856	
0.28851343894118187	0.4628655299264607	
0.9297921248084482	0.035742708190159345	
0.7356298380548968	0.14231133967219967	
0.4439330347842755	0.33371700097910684	
0.45036912128536133	0.3289045363844565	
0.715005600714833	0.15441996196999008	
0.5773389952689748	0.2401717330416202	
0.1618398674194993	0.5977067395301043	
0.11175761850567412	0.6656983121405545	
0.20354547565845704	0.5488398558621816	
0.6899190290275822	0.16938635393609014	
0.23078269058812884	0.5196015293653311	
0.01660745773233374	0.8711300743682462	
0.6394388953678716	0.2003507672936392	
0.9468709951915915	0.026927035011458433	
0.8257375085271743	0.09129899938033836	
0.6294003479732164	0.2066524418811031	
0.9530351705320113	0.023764797534932547	
0.5418585227234697	0.2638895988212979	
0.8607765887977402	0.07221953631382161	
0.22147132831542993	0.5293925964081845	
0.4384441550323612	0.3378488427614422	
0.5492478075835654	0.2588874528227407	
0.5156435820872487	0.2819167303945532	
0.38119908366011135	0.38258678046213546	
0.09812782556834276	0.6867463877808545	
0.4483478931738174	0.33041214678444364	
0.023613569748329732	0.8463329256205815	
0.8482632442925208	0.07898792391602116	
0.6263554944496901	0.20857375931190525	
0.21904777665336383	0.5319745982819268	
0.2318986793129414	0.5184414061477655	
0.18249759985446146	0.5728026219012323	
0.5901468737652077	0.2317898244847263	
0.7425234314981736	0.1383020067923022	
0.1733997873301052	0.5835869990861173	
0.6694688816207681	0.18178921932012648	
0.4844913071003131	0.3039459021740386	
0.1479144347562551	0.6154035429749058	
0.647393164318306	0.19539254022951913	
0.03776315412408393	0.805672559518518	
0.9880454623325148	0.005995240286790771	
0.43434641335193014	0.3409503711009845	
0.5967801223872072	0.22748454877121893	
0.017062972593657966	0.8693746862447482	
0.9261761275227647	0.03761955156873398	
0.1674020222205761	0.5908520778244424	
0.890817235923762	0.05616885200595223	
0.5014500349091254	0.29186863160206955	
0.1601285029659849	0.599839403531551	
0.30011987642772486	0.4521680217185886	
0.9747830742424084	0.01268896783110518	
0.09896986230176896	0.6854052411406557	
0.864264608949598	0.0703416708545026	
0.20082733270860942	0.5518623730274266	
0.7318271007617523	0.14453106382420156	
0.14634626229973502	0.6174476999157696	
0.4277304452411832	0.3459889563308711	
0.7835896404863771	0.11479401239803111	
0.8172850570040132	0.09596180556128431	
0.8468352121076348	0.07976350207806104	
0.5225745534016927	0.27710681743310606	
0.23178422194743253	0.5185602613540999	
0.6720341622276707	0.18022310216274662	
0.04955927785128711	0.7773808681822537	
0.7172548553152363	0.1530909993894053	
0.1812861852868447	0.5742228455085399	
0.39900094000752295	0.36833478803441855	
0.3302648741143528	0.42531323826422385	
0.3826345343985019	0.38142540110468326	
0.38697671905903486	0.3779254714593798	
0.6957231202675378	0.16589981401060827	
0.4562971186660302	0.3245023177937394	
0.536981841145357	0.2672095516825038	
0.8347634243646948	0.08634611347365528	
0.07590634926657724	0.72448893077305	
0.02268736666423432	0.8493767392988908	
0.7071528929634874	0.15907616696665838	
0.9810276371186096	0.00953160720868551	
0.6842053724575111	0.17283292349277402	
0.03160132137558691	0.8222323950333276	
0.8450501887224514	0.08073388579669083	
0.30239080376405936	0.45009927826555873	
0.11099859163748116	0.6668354886283938	
0.45399614621050366	0.3262076386523044	
0.8316142952828253	0.08807111281480651	
0.6209181676849014	0.21201639123335736	
0.7477138274335408	0.13529552595494176	
0.36018749245963644	0.3998437766217562	
0.12501963213073974	0.6464188464712242	
0.7333547264196655	0.14363867064207914	
0.3883020985514388	0.3768610920898625	
0.035127874630341394	0.8125756829268374	
0.6654096119670895	0.18427356793647454	
0.7177151994693228	0.1528192639883017	
0.9787455881814834	0.010684282859367844	
0.6045504238345534	0.22247159290830187	
0.2354202932950199	0.5147987084775847	
0.9165257983491363	0.042646461149729586	
0.6440247518299013	0.19748847246291767	
0.08973300398214923	0.7004453238853561	
0.09390613428844374	0.6935589219956898	
0.003242628198684261	0.9430559204246459	
0.3807585938942466	0.38294360558029494	
0.48148920585959876	0.3061057675267802	
0.8496949451945044	0.07821100831345118	
0.726848068715507	0.147446149081768	
0.0937714280214067	0.6937787923389258	
0.37809484052243025	0.3851058298191222	
0.2228637457820133	0.5279155310942614	
0.8993525261203199	0.05165801204400955	
0.9761284022347911	0.012007893637408062	
0.9672092986508215	0.016532004256965438	
0.5529407693264108	0.25640012820979396	
0.9419064097428645	0.02948137073888968	
0.5847208034003548	0.2353296112700879	
0.6484535068427083	0.19473389066550906	
0.656603580296233	0.18968920758993157	
0.8374527734805807	0.08487554208152615	
0.3472717446039475	0.41070232937508777	
0.3911573640275541	0.37457425378582787	
0.9118565070673944	0.04508822026985426	
0.6513284246118894	0.1929507917035731	
0.6516718082201554	0.1927380795428566	
8.908223808491433E-4	0.970153352267815	
0.2513354628836757	0.49866631582979015	
0.8759473408004438	0.0640794153345895	
0.11484253706297498	0.6611157468058231	
0.828745349595085	0.0896454813672396	
0.08430163846310079	0.7096525556112112	
0.7316770516699543	0.14461876822673136	
0.10586609273616132	0.6746292995118317	
0.09893252861778867	0.6854645828880495	
0.03505015052709437	0.8127831457184093	
0.21324526548566525	0.5382151307311323	
0.10690706146620632	0.6730335468794906	
0.9531198880587097	0.023721408583231463	
0.7848733763352196	0.11406920341641835	
0.10949015622500724	0.6691070320707808	
0.03549243910540911	0.8116056287852286	
0.5140239611704164	0.28304535626692784	
0.23538285535670012	0.5148372898122733	
0.44399496608063826	0.3336705273810573	
0.2230043943344766	0.5277665891378749	
0.7561334213163593	0.13044067406739912	
0.6729081762915402	0.17969019493148797	
0.7851233900166038	0.11392811238782452	
0.3467796530419287	0.41112000115309677	
0.7380357366526512	0.14090993682114372	
0.606854238716761	0.2209915027955337	
0.6561996024272608	0.1899385193534624	
0.24699831373694137	0.5030107508839439	
0.798673224183715	0.10631480700208817	
0.4793137963975517	0.30767507888452283	
0.8400523786653183	0.0834562865496713	
0.224584085401486	0.5260969662457455	
0.6489551616346859	0.1944224670246284	
0.49889493405445107	0.29367505066403676	
0.7168702964013284	0.15331806656730396	
0.11262690327301494	0.6644006804640168	
0.9005046106391387	0.05105078605905433	
0.43863800359806027	0.33770248105699485	
0.9002908077665399	0.05116344517796956	
0.1413779822983915	0.6239973639741452	
0.4649202072439196	0.3181494245482229	
0.3560602563756107	0.4032921515719684	
0.34387306304878285	0.41359309089269514	
0.37565629948886914	0.38709193226971705	
0.42978444528826387	0.3444205270996781	
0.842780564144392	0.08196919215943954	
0.7785804008746607	0.11762796912262641	
0.2935450001927524	0.45820206700952393	
0.47175179399045797	0.31315810116850185	
0.591840850766544	0.2306880666683091	
0.8116258272100837	0.09909721544992234	
0.8965445261487434	0.053139648021555685	
0.6024014441012522	0.22385475321866966	
0.7827543990488196	0.11526591619356064	
0.2680090694710161	0.48230407624647453	
0.593889121803707	0.229357980769471	
0.05914104409618437	0.7568106826026596	
0.027476004781741836	0.8342411245762633	
0.3883019193474124	0.3768612358812746	
0.9875219734542136	0.0062585982992288125	
0.45129936477081867	0.3282118155468804	
0.39490235555726594	0.37158743205019684	
0.30971362304235783	0.443480797238444	
0.5992631677259855	0.22587910005866296	
0.8506474321747981	0.07769450171063275	
0.33717545915303737	0.4193318855378424	
0.8521959711775605	0.07685538988869112	
0.5279945326868971	0.27336767709735266	
0.3759392056655816	0.3868611856475064	
0.17797584074036954	0.5781281702455477	
0.007323162901026858	0.9144245192766827	
0.002223161957078279	0.9528495815810901	
0.9626643201784679	0.01884541473911061	
0.19115632986137931	0.56278571631135	
0.6849089102990177	0.17240776326803442	
0.8021758475101943	0.10435729919225356	
0.4320571172238695	0.34268948188556303	
0.1974814478190018	0.5556111524587934	
0.2107994510160578	0.5408709865233327	
0.5656148430699038	0.24792630476135924	
0.677507949019529	0.1768912896709639	
0.03790111758775949	0.8053179063504825	
0.7890077285469496	0.11173892996093227	
0.06285462535031616	0.7492917525283299	
0.7718736157713164	0.12143661823900465	
0.24370193308303034	0.506338240205877	
0.6423305190474149	0.19854474919218668	
0.6289986462934826	0.20690565107707226	
0.06578627592532427	0.7435116456341062	
0.7170430823083496	0.15321603563343877	
0.8278169691337421	0.09015552475505895	
0.0752037308625213	0.7257670135404544	
0.8949109600695723	0.05400266381475882	
0.2597977410746415	0.4902964184208223	
0.786933682192721	0.11290717385793214	
0.5658192023673491	0.2477904531532792	
0.3432038118910028	0.41416400597863334	
0.3442855923497402	0.4132414531089128	
0.5349974806489313	0.26856478027857367	
0.1445366994290077	0.6198201748790348	
0.6195746307567481	0.21286936868347694	
0.6063953837409533	0.22128607066461614	
0.020424409303193336	0.8570860073219094	
0.820225641179306	0.0943369052570896	
0.9969587514308318	0.0015217821951087895	
0.15976109236998237	0.6002987460990616	
0.5915692265140025	0.2308646240654364	
0.3819185938600568	0.38200437391510866	
0.9356551396875701	0.03270731436262264	
0.9790688786778127	0.010520905386166013	
0.6974069680089879	0.16489104422896528	
0.40244937935160274	0.3656110188917191	
0.9668886458503791	0.016695039242464182	
0.28123647094467863	0.46968266957916727	
0.9180340779454904	0.04185905110704591	
0.21153683479429586	0.5400686629568541	
0.1479066234239249	0.6154136983407692	
0.04512042550963846	0.7875843096434765	
0.17194355708098874	0.5853392264983475	
0.9716447335614063	0.014279586514813869	
0.4165208749872218	0.3546157152616576	
0.5535707627964689	0.25597663827238004	
0.4792551033503799	0.307717468550318	
0.3737387566063224	0.38865823256845733	
0.9708582467180943	0.014678607398532995	
0.11606677139636234	0.6593142629983428	
0.9735576287024053	0.013309760511230562	
0.8850997167634828	0.059202616519644646	
0.8791840866861513	0.062351832142700014	
0.935831601268708	0.032616104502091625	
0.9497482300531735	0.025449729335026317	
0.9276416906809106	0.03685842646010207	
0.4850148031841348	0.30356995815506727	
0.42223731805246	0.3502020944536217	
0.6112281352289555	0.21818919473509735	
0.8427223665515353	0.08200088967824415	
0.8143370154187218	0.09759376364149508	
0.11747655724735606	0.6572514664548423	
0.8370429477408228	0.08509948751745544	
0.007222335312623951	0.9150156760771497	
0.1146027103630557	0.6614697792470283	
0.8058902797080941	0.10228608136662265	
0.7280306787824818	0.14675286183750846	
0.005709255020962756	0.9244403876335859	
0.8592707822578888	0.07303140168725841	
0.30500581738478094	0.44772668235303914	
0.9107680561847548	0.04565831266534581	
0.33479104272669835	0.4213886946086359	
0.0370177193220248	0.8076001057120228	
0.8992532200688416	0.05171037121096722	
0.5790818586725206	0.2390257174696897	
0.7183025053955415	0.15247271112043737	
0.31134096095771235	0.44202064468502744	
0.3704919876522078	0.3913194699580018	
0.03511867214077613	0.8126002344164323	
0.7457578942387325	0.1364272501759145	
0.6841304987403521	0.17287818385660259	
0.10389413614299614	0.6776738668010363	
0.05544311536563773	0.7645363820764708	
0.21154137618492708	0.5400637259522498	
0.6258857582180333	0.20887058061399755	
0.8033940338680582	0.10367749449873898	
0.752360982273827	0.13261255354148282	
0.22859646972053027	0.5218823683228883	
0.24560630186377286	0.5044131742431274	
0.9378292754318894	0.03158414127406539	
0.7266403734476343	0.14756796549658324	
0.9179145667721267	0.04192141931252491	
0.9649863768172595	0.01766279882249211	
0.15706070564465902	0.6036911486672811	
0.21503069623804216	0.5362859758018503	
0.23391140007866673	0.5163561226701338	
0.33439518175358374	0.4217308742863892	
0.5667741747271836	0.24715594262345164	
0.6244554619234656	0.20977505612422886	
0.27581992359602636	0.47481439129006364	
0.08222597674839449	0.713249277684616	
0.9313304926534665	0.03494534214197664	
0.31448175381431986	0.4392132724338781	
0.25651654023570136	0.49352538046245464	
0.22454880674996136	0.5261341890893991	
0.5859439058449042	0.2345302711113233	
0.7406459793784291	0.13939208731360764	
0.152737320848514	0.609183776119115	
0.07860344460247792	0.7196369414447084	
0.08263388433437968	0.7125388994413684	
0.10344124768643681	0.6783771654772677	
0.9444293223293854	0.028182464487604864	
0.3215201255091795	0.432972553125354	
0.3688088451768149	0.39270365950648534	
0.4612495003890785	0.3208464824584367	
0.2660213277960579	0.4842274456739115	
0.8147580957619271	0.0973604840458584	
0.6030042890452939	0.2234664920009608	
0.860226914592231	0.07251581437081578	
0.23868802976223868	0.5114429104370313	
0.7751023433159874	0.11960103173845815	
0.5492124217754766	0.25891132664472827	
0.41012851503593406	0.35958723073635235	
0.23021951860166712	0.5201880382882611	
0.014661840022914152	0.8789139148253848	
0.8594039425710118	0.07295957878255821	
0.39228374502676033	0.37367440973024235	
0.29789811061038896	0.4541995688803563	
0.39516306415009284	0.37138003201449854	
0.4532567957751449	0.32675651078146706	
0.4244123629848999	0.3485306123961772	
0.1098231932192858	0.6686041744087807	
0.34593462973546385	0.41183792222256976	
0.6347710502289543	0.203274796288611	
0.4266952670218337	0.3467808430382391	
0.21141353341656977	0.540202725740387	
0.2803304103853024	0.4705376213692777	
0.547362854809624	0.26016025058826153	
0.6344924571319079	0.20344965185375263	
0.6063562534778411	0.22131119599814386	
0.0119399520484047	0.8907299123803559	
0.06219432112743606	0.7506121070953202	
0.1853265831700459	0.569504258824729	
0.7550599073731973	0.13105816801514425	
0.8197867436322621	0.09457924497377346	
0.21891090491232368	0.5321208436868301	
0.8712268273097008	0.06660467790453284	
0.25870892097060694	0.4913656313513538	
0.6408161768972787	0.1994900519685726	
0.893621146264528	0.05468463131898249	
0.4922547536706148	0.2983913101517237	
0.6933051836559083	0.16735050371965732	
0.978326820955093	0.010895950389903097	
0.45586803377770546	0.32481999897974956	
0.8730104653157901	0.06564970952228522	
0.2856220185153632	0.46556383120585565	
0.5066002615520206	0.2882414302925319	
0.7945057503866237	0.10864947950504689	
0.01114310537625185	0.8944390916283312	
0.38178441404431906	0.38211294394175965	
0.024836077028092318	0.84240533946833	
0.2418085452211055	0.5082596770437617	
0.015367732728498784	0.8760333402543298	
0.9492288072748184	0.025716259360334837	
0.36760003314444545	0.3936997170176766	
0.6058036959546043	0.22166607683166972	
0.46021563331307336	0.3216080533253115	
0.6740847635699991	0.1789733478321187	
0.11434582920988778	0.6618493986255714	
0.7327338673992153	0.1440012456789348	
0.5357228582847086	0.268069089131557	
0.5685597064220009	0.24597101751855655	
0.4571710955069377	0.32385571398780744	
0.7647185103431737	0.12551814750495038	
0.9024877691789748	0.05000643729603371	
0.38669705216274197	0.37815029777064135	
0.3838212078599289	0.38046694369071077	
0.5320978642416296	0.2705496149554586	
0.47600495764957484	0.31006887470590594	
0.5619171780127319	0.2503886486900483	
0.4120549766231545	0.3580849147876688	
0.3256073287113185	0.4293798735486817	
0.4589097056442204	0.3225712541940515	
0.8260399698810637	0.0911325894933499	
0.4718384375113468	0.31309503021790064	
0.6304440197109681	0.20599494982023692	
0.8157437141105391	0.09681468451344988	
0.14702599219117563	0.6165603147936098	
0.1734344512634256	0.5835453791066479	
0.2724511970095961	0.47803142143458854	
0.04207864781721771	0.7948691933979255	
0.1314634120613648	0.637421164349924	
0.622307219071002	0.2111354875068837	
0.82606067021114	0.0911212015834344	
0.5183122200811267	0.28006096085770804	
0.5778659691260658	0.2398250404505119	
0.14586237943418034	0.6180806637073997	
0.06429681580349511	0.7464318320382168	
0.9581760242370345	0.02113533916223409	
0.4381369672129771	0.3380808454101233	
0.7823951441345574	0.1154689693772426	
0.6930606281013881	0.1674973705138295	
0.4629728273742154	0.3195789337665864	
0.04709295669598679	0.7829908833804746	
0.14922036029253538	0.6137094871828517	
0.6050755258407643	0.2221339923606609	
0.4747861852178247	0.3109526974018223	
0.11372998164179016	0.6627612394136906	
0.35480970532288003	0.4043409487610551	
0.4132912896792944	0.3571226480274061	
0.48538257318549083	0.30330596874561155	
0.6329544176149902	0.20441567535867688	
0.9488634452978236	0.025903780267152676	
0.07920612977744057	0.7185641640134637	
0.702252628357296	0.1619948518312695	
0.5727892559814188	0.24317158088413537	
0.5145947070677397	0.2826474318246712	
0.03848151843631975	0.8038329323349106	
0.9992143352205749	3.929095786810999E-4	
0.9196059587116316	0.041039125557444045	
0.3991071282948121	0.3682507393792913	
0.34438753725498483	0.4131545882815605	
0.3862280927698749	0.37852748027778826	
0.42272093917564046	0.34983006900069546	
0.2505968866222661	0.4994034692266974	
0.9990317769286712	4.8422877441745005E-4	
0.9215498284211304	0.04002613138631195	
0.16973498978819412	0.5880109348681762	
0.48521283394864867	0.30342779703131373	
0.8229877010833881	0.09281330417416933	
0.45907473322005476	0.32244946076321745	
0.9452825782335138	0.027743563542254712	
0.5417593336572967	0.2639569756751331	
0.9258533584828127	0.037787259238990956	
0.8747011555169711	0.0647454060433752	
0.17839771811331262	0.577628459631437	
0.7990282190838319	0.10611621611988509	
0.08343491367904243	0.71114897666956	
0.44777064866135485	0.3308433302571401	
0.16749152422245872	0.5907427163477006	
0.328397793890559	0.4269399735712156	
0.10166340814525077	0.6811530019817487	
0.8871163458566448	0.058131460416770864	
0.1869757628323121	0.5675930587602552	
0.23343848599550177	0.5168452773743158	
0.5530179091604968	0.25634826083677	
0.08597902851044392	0.7067781923007024	
0.02585636062586627	0.8392008687030111	
0.18861605022904704	0.5657005062988825	
0.10814144253487978	0.6711513379457357	
0.06602607903126079	0.7430445971938695	
0.4861587071071849	0.30274917919934663	
0.9307850595382494	0.03522797535466993	
0.053500713591023596	0.7686977873192226	
0.7279360943043058	0.14680828982912297	
0.3778371745509084	0.3853153861117814	
0.8800168319499849	0.06190787661872732	
0.48535436348132244	0.30332621444371655	
0.9644870798980907	0.01791696893893402	
0.5868587605118101	0.23393292688446	
0.7704076407962289	0.12227131709381345	
0.10095891973911364	0.6822596661751712	
0.4118142714333545	0.35827243207623183	
0.8644411506485998	0.07024672592746417	
0.15686428893854587	0.6039390338110231	
0.4698553398314237	0.31454005235066895	
0.6154788525274922	0.21547539711778818	
0.08796373773563104	0.7034131868480478	
0.93046624991009	0.0353932148745324	
0.16124318728479337	0.5984490228068255	
0.6702164333222508	0.18133252579435477	
0.8778595242986208	0.0630584200182912	
0.5228544740571381	0.2769132319996872	
0.1278636640660421	0.6424197096230804	
0.4557098729790364	0.32493713405414126	
0.6198347719905541	0.21270413948087208	
0.30919914420464223	0.44394321854270835	
0.302476637392302	0.450021239144363	
0.4354581519402274	0.3401074694010945	
0.13805251548198372	0.6284458108404862	
0.8296498483126844	0.089148833061798	
0.44993109967032907	0.32923096398959417	
0.6117895135496159	0.21783025272667578	
0.4924548127120919	0.29824875296719855	
0.8407730826317428	0.08306320685025248	
0.9359919947310887	0.032533207427206445	
0.6372933276260957	0.20169346261846532	
0.6321880787283751	0.20489744137729304	
0.8813343189519314	0.061205923031077414	
0.223501431018867	0.5272406203798099	
0.2714219450592833	0.4790182872122254	
0.9271343334000948	0.03712184914180616	
0.9908821132449581	0.004569383008058092	
0.5871150341069544	0.2337656793728472	
0.3407403928800634	0.416270274116468	
0.9208409937037112	0.04039539720585372	
0.4549448922064425	0.3255039716896455	
0.749769454425176	0.13410771199578408	
0.1122782078612149	0.6649205946925194	
6.802917395138941E-4	0.9739175971292158	
0.9672511237524928	0.016510740397998713	
0.8872004753579438	0.05808680051825166	
0.5216643662499882	0.27773663650300784	
0.06485849690318457	0.7453266859225636	
0.39723624965163296	0.3697331916944754	
0.7212452802013519	0.15073839118835008	
0.011202765196768993	0.8941568840369436	
0.6809349094075703	0.17481219749224952	
0.43020057773409937	0.34410322631217394	
0.22832656330184842	0.522164711117054	
0.8277720627229054	0.09018020315949082	
0.6767985096287639	0.17732235375648875	
0.7078344714625322	0.15867100878281137	
0.8264305941592788	0.09091771870788357	
0.5064109158465516	0.28837445531617434	
0.582590187047902	0.23672404266353186	
0.7384282369842026	0.14068152761377084	
0.7720544689393425	0.12133369875740507	
0.9226755206826174	0.03943999631328732	
0.8508470426960354	0.07758629525790572	
0.7689361037719246	0.1231099819407655	
0.8980130538729828	0.052364493134104406	
0.7353329848176889	0.14248441132671597	
0.3221845057512289	0.43238701058623674	
0.015164747052371252	0.8768547725148422	
0.75365908397574	0.13186459352486957	
0.2606811828121818	0.4894305308656012	
0.9751207957964438	0.012517951658642112	
0.13170903928271083	0.6370825999174043	
0.6709847901307351	0.18086338738233954	
