0.0 0.0 0.0 0.0 0.9999999999999998 
0.0 0.0 0.0 0.14285714285714285 0.857142857142857 
0.0 0.0 0.0 0.2857142857142857 0.7142857142857142 
0.0 0.0 0.0 0.42857142857142855 0.5714285714285714 
0.0 0.0 0.0 0.5714285714285714 0.42857142857142855 
0.0 0.0 0.0 0.7142857142857142 0.2857142857142857 
0.0 0.0 0.0 0.857142857142857 0.14285714285714285 
0.0 0.0 0.0 0.9999999999999998 0.0 
0.0 0.0 0.14285714285714285 0.0 0.857142857142857 
0.0 0.0 0.14285714285714285 0.14285714285714285 0.7142857142857142 
0.0 0.0 0.14285714285714285 0.2857142857142857 0.5714285714285714 
0.0 0.0 0.14285714285714285 0.42857142857142855 0.42857142857142855 
0.0 0.0 0.14285714285714285 0.5714285714285714 0.2857142857142857 
0.0 0.0 0.14285714285714285 0.7142857142857142 0.14285714285714285 
0.0 0.0 0.14285714285714285 0.857142857142857 0.0 
0.0 0.0 0.2857142857142857 0.0 0.7142857142857142 
0.0 0.0 0.2857142857142857 0.14285714285714285 0.5714285714285714 
0.0 0.0 0.2857142857142857 0.2857142857142857 0.42857142857142855 
0.0 0.0 0.2857142857142857 0.42857142857142855 0.2857142857142857 
0.0 0.0 0.2857142857142857 0.5714285714285714 0.14285714285714285 
0.0 0.0 0.2857142857142857 0.7142857142857142 0.0 
0.0 0.0 0.42857142857142855 0.0 0.5714285714285714 
0.0 0.0 0.42857142857142855 0.14285714285714285 0.42857142857142855 
0.0 0.0 0.42857142857142855 0.2857142857142857 0.2857142857142857 
0.0 0.0 0.42857142857142855 0.42857142857142855 0.14285714285714285 
0.0 0.0 0.42857142857142855 0.5714285714285714 0.0 
0.0 0.0 0.5714285714285714 0.0 0.42857142857142855 
0.0 0.0 0.5714285714285714 0.14285714285714285 0.2857142857142857 
0.0 0.0 0.5714285714285714 0.2857142857142857 0.14285714285714285 
0.0 0.0 0.5714285714285714 0.42857142857142855 0.0 
0.0 0.0 0.7142857142857142 0.0 0.2857142857142857 
0.0 0.0 0.7142857142857142 0.14285714285714285 0.14285714285714285 
0.0 0.0 0.7142857142857142 0.2857142857142857 0.0 
0.0 0.0 0.857142857142857 0.0 0.14285714285714285 
0.0 0.0 0.857142857142857 0.14285714285714285 0.0 
0.0 0.0 0.9999999999999998 0.0 0.0 
0.0 0.14285714285714285 0.0 0.0 0.857142857142857 
0.0 0.14285714285714285 0.0 0.14285714285714285 0.7142857142857142 
0.0 0.14285714285714285 0.0 0.2857142857142857 0.5714285714285714 
0.0 0.14285714285714285 0.0 0.42857142857142855 0.42857142857142855 
0.0 0.14285714285714285 0.0 0.5714285714285714 0.2857142857142857 
0.0 0.14285714285714285 0.0 0.7142857142857142 0.14285714285714285 
0.0 0.14285714285714285 0.0 0.857142857142857 0.0 
0.0 0.14285714285714285 0.14285714285714285 0.0 0.7142857142857142 
0.0 0.14285714285714285 0.14285714285714285 0.14285714285714285 0.5714285714285714 
0.0 0.14285714285714285 0.14285714285714285 0.2857142857142857 0.42857142857142855 
0.0 0.14285714285714285 0.14285714285714285 0.42857142857142855 0.2857142857142857 
0.0 0.14285714285714285 0.14285714285714285 0.5714285714285714 0.14285714285714285 
0.0 0.14285714285714285 0.14285714285714285 0.7142857142857142 0.0 
0.0 0.14285714285714285 0.2857142857142857 0.0 0.5714285714285714 
0.0 0.14285714285714285 0.2857142857142857 0.14285714285714285 0.42857142857142855 
0.0 0.14285714285714285 0.2857142857142857 0.2857142857142857 0.2857142857142857 
0.0 0.14285714285714285 0.2857142857142857 0.42857142857142855 0.14285714285714285 
0.0 0.14285714285714285 0.2857142857142857 0.5714285714285714 0.0 
0.0 0.14285714285714285 0.42857142857142855 0.0 0.42857142857142855 
0.0 0.14285714285714285 0.42857142857142855 0.14285714285714285 0.2857142857142857 
0.0 0.14285714285714285 0.42857142857142855 0.2857142857142857 0.14285714285714285 
0.0 0.14285714285714285 0.42857142857142855 0.42857142857142855 0.0 
0.0 0.14285714285714285 0.5714285714285714 0.0 0.2857142857142857 
0.0 0.14285714285714285 0.5714285714285714 0.14285714285714285 0.14285714285714285 
0.0 0.14285714285714285 0.5714285714285714 0.2857142857142857 0.0 
0.0 0.14285714285714285 0.7142857142857142 0.0 0.14285714285714285 
0.0 0.14285714285714285 0.7142857142857142 0.14285714285714285 0.0 
0.0 0.14285714285714285 0.857142857142857 0.0 0.0 
0.0 0.2857142857142857 0.0 0.0 0.7142857142857142 
0.0 0.2857142857142857 0.0 0.14285714285714285 0.5714285714285714 
0.0 0.2857142857142857 0.0 0.2857142857142857 0.42857142857142855 
0.0 0.2857142857142857 0.0 0.42857142857142855 0.2857142857142857 
0.0 0.2857142857142857 0.0 0.5714285714285714 0.14285714285714285 
0.0 0.2857142857142857 0.0 0.7142857142857142 0.0 
0.0 0.2857142857142857 0.14285714285714285 0.0 0.5714285714285714 
0.0 0.2857142857142857 0.14285714285714285 0.14285714285714285 0.42857142857142855 
0.0 0.2857142857142857 0.14285714285714285 0.2857142857142857 0.2857142857142857 
0.0 0.2857142857142857 0.14285714285714285 0.42857142857142855 0.14285714285714285 
0.0 0.2857142857142857 0.14285714285714285 0.5714285714285714 0.0 
0.0 0.2857142857142857 0.2857142857142857 0.0 0.42857142857142855 
0.0 0.2857142857142857 0.2857142857142857 0.14285714285714285 0.2857142857142857 
0.0 0.2857142857142857 0.2857142857142857 0.2857142857142857 0.14285714285714285 
0.0 0.2857142857142857 0.2857142857142857 0.42857142857142855 0.0 
0.0 0.2857142857142857 0.42857142857142855 0.0 0.2857142857142857 
0.0 0.2857142857142857 0.42857142857142855 0.14285714285714285 0.14285714285714285 
0.0 0.2857142857142857 0.42857142857142855 0.2857142857142857 0.0 
0.0 0.2857142857142857 0.5714285714285714 0.0 0.14285714285714285 
0.0 0.2857142857142857 0.5714285714285714 0.14285714285714285 0.0 
0.0 0.2857142857142857 0.7142857142857142 0.0 0.0 
0.0 0.42857142857142855 0.0 0.0 0.5714285714285714 
0.0 0.42857142857142855 0.0 0.14285714285714285 0.42857142857142855 
0.0 0.42857142857142855 0.0 0.2857142857142857 0.2857142857142857 
0.0 0.42857142857142855 0.0 0.42857142857142855 0.14285714285714285 
0.0 0.42857142857142855 0.0 0.5714285714285714 0.0 
0.0 0.42857142857142855 0.14285714285714285 0.0 0.42857142857142855 
0.0 0.42857142857142855 0.14285714285714285 0.14285714285714285 0.2857142857142857 
0.0 0.42857142857142855 0.14285714285714285 0.2857142857142857 0.14285714285714285 
0.0 0.42857142857142855 0.14285714285714285 0.42857142857142855 0.0 
0.0 0.42857142857142855 0.2857142857142857 0.0 0.2857142857142857 
0.0 0.42857142857142855 0.2857142857142857 0.14285714285714285 0.14285714285714285 
0.0 0.42857142857142855 0.2857142857142857 0.2857142857142857 0.0 
0.0 0.42857142857142855 0.42857142857142855 0.0 0.14285714285714285 
0.0 0.42857142857142855 0.42857142857142855 0.14285714285714285 0.0 
0.0 0.42857142857142855 0.5714285714285714 0.0 0.0 
0.0 0.5714285714285714 0.0 0.0 0.42857142857142855 
0.0 0.5714285714285714 0.0 0.14285714285714285 0.2857142857142857 
0.0 0.5714285714285714 0.0 0.2857142857142857 0.14285714285714285 
0.0 0.5714285714285714 0.0 0.42857142857142855 0.0 
0.0 0.5714285714285714 0.14285714285714285 0.0 0.2857142857142857 
0.0 0.5714285714285714 0.14285714285714285 0.14285714285714285 0.14285714285714285 
0.0 0.5714285714285714 0.14285714285714285 0.2857142857142857 0.0 
0.0 0.5714285714285714 0.2857142857142857 0.0 0.14285714285714285 
0.0 0.5714285714285714 0.2857142857142857 0.14285714285714285 0.0 
0.0 0.5714285714285714 0.42857142857142855 0.0 0.0 
0.0 0.7142857142857142 0.0 0.0 0.2857142857142857 
0.0 0.7142857142857142 0.0 0.14285714285714285 0.14285714285714285 
0.0 0.7142857142857142 0.0 0.2857142857142857 0.0 
0.0 0.7142857142857142 0.14285714285714285 0.0 0.14285714285714285 
0.0 0.7142857142857142 0.14285714285714285 0.14285714285714285 0.0 
0.0 0.7142857142857142 0.2857142857142857 0.0 0.0 
0.0 0.857142857142857 0.0 0.0 0.14285714285714285 
0.0 0.857142857142857 0.0 0.14285714285714285 0.0 
0.0 0.857142857142857 0.14285714285714285 0.0 0.0 
0.0 0.9999999999999998 0.0 0.0 0.0 
0.14285714285714285 0.0 0.0 0.0 0.857142857142857 
0.14285714285714285 0.0 0.0 0.14285714285714285 0.7142857142857142 
0.14285714285714285 0.0 0.0 0.2857142857142857 0.5714285714285714 
0.14285714285714285 0.0 0.0 0.42857142857142855 0.42857142857142855 
0.14285714285714285 0.0 0.0 0.5714285714285714 0.2857142857142857 
0.14285714285714285 0.0 0.0 0.7142857142857142 0.14285714285714285 
0.14285714285714285 0.0 0.0 0.857142857142857 0.0 
0.14285714285714285 0.0 0.14285714285714285 0.0 0.7142857142857142 
0.14285714285714285 0.0 0.14285714285714285 0.14285714285714285 0.5714285714285714 
0.14285714285714285 0.0 0.14285714285714285 0.2857142857142857 0.42857142857142855 
0.14285714285714285 0.0 0.14285714285714285 0.42857142857142855 0.2857142857142857 
0.14285714285714285 0.0 0.14285714285714285 0.5714285714285714 0.14285714285714285 
0.14285714285714285 0.0 0.14285714285714285 0.7142857142857142 0.0 
0.14285714285714285 0.0 0.2857142857142857 0.0 0.5714285714285714 
0.14285714285714285 0.0 0.2857142857142857 0.14285714285714285 0.42857142857142855 
0.14285714285714285 0.0 0.2857142857142857 0.2857142857142857 0.2857142857142857 
0.14285714285714285 0.0 0.2857142857142857 0.42857142857142855 0.14285714285714285 
0.14285714285714285 0.0 0.2857142857142857 0.5714285714285714 0.0 
0.14285714285714285 0.0 0.42857142857142855 0.0 0.42857142857142855 
0.14285714285714285 0.0 0.42857142857142855 0.14285714285714285 0.2857142857142857 
0.14285714285714285 0.0 0.42857142857142855 0.2857142857142857 0.14285714285714285 
0.14285714285714285 0.0 0.42857142857142855 0.42857142857142855 0.0 
0.14285714285714285 0.0 0.5714285714285714 0.0 0.2857142857142857 
0.14285714285714285 0.0 0.5714285714285714 0.14285714285714285 0.14285714285714285 
0.14285714285714285 0.0 0.5714285714285714 0.2857142857142857 0.0 
0.14285714285714285 0.0 0.7142857142857142 0.0 0.14285714285714285 
0.14285714285714285 0.0 0.7142857142857142 0.14285714285714285 0.0 
0.14285714285714285 0.0 0.857142857142857 0.0 0.0 
0.14285714285714285 0.14285714285714285 0.0 0.0 0.7142857142857142 
0.14285714285714285 0.14285714285714285 0.0 0.14285714285714285 0.5714285714285714 
0.14285714285714285 0.14285714285714285 0.0 0.2857142857142857 0.42857142857142855 
0.14285714285714285 0.14285714285714285 0.0 0.42857142857142855 0.2857142857142857 
0.14285714285714285 0.14285714285714285 0.0 0.5714285714285714 0.14285714285714285 
0.14285714285714285 0.14285714285714285 0.0 0.7142857142857142 0.0 
0.14285714285714285 0.14285714285714285 0.14285714285714285 0.0 0.5714285714285714 
0.14285714285714285 0.14285714285714285 0.14285714285714285 0.14285714285714285 0.42857142857142855 
0.14285714285714285 0.14285714285714285 0.14285714285714285 0.2857142857142857 0.2857142857142857 
0.14285714285714285 0.14285714285714285 0.14285714285714285 0.42857142857142855 0.14285714285714285 
0.14285714285714285 0.14285714285714285 0.14285714285714285 0.5714285714285714 0.0 
0.14285714285714285 0.14285714285714285 0.2857142857142857 0.0 0.42857142857142855 
0.14285714285714285 0.14285714285714285 0.2857142857142857 0.14285714285714285 0.2857142857142857 
0.14285714285714285 0.14285714285714285 0.2857142857142857 0.2857142857142857 0.14285714285714285 
0.14285714285714285 0.14285714285714285 0.2857142857142857 0.42857142857142855 0.0 
0.14285714285714285 0.14285714285714285 0.42857142857142855 0.0 0.2857142857142857 
0.14285714285714285 0.14285714285714285 0.42857142857142855 0.14285714285714285 0.14285714285714285 
0.14285714285714285 0.14285714285714285 0.42857142857142855 0.2857142857142857 0.0 
0.14285714285714285 0.14285714285714285 0.5714285714285714 0.0 0.14285714285714285 
0.14285714285714285 0.14285714285714285 0.5714285714285714 0.14285714285714285 0.0 
0.14285714285714285 0.14285714285714285 0.7142857142857142 0.0 0.0 
0.14285714285714285 0.2857142857142857 0.0 0.0 0.5714285714285714 
0.14285714285714285 0.2857142857142857 0.0 0.14285714285714285 0.42857142857142855 
0.14285714285714285 0.2857142857142857 0.0 0.2857142857142857 0.2857142857142857 
0.14285714285714285 0.2857142857142857 0.0 0.42857142857142855 0.14285714285714285 
0.14285714285714285 0.2857142857142857 0.0 0.5714285714285714 0.0 
0.14285714285714285 0.2857142857142857 0.14285714285714285 0.0 0.42857142857142855 
0.14285714285714285 0.2857142857142857 0.14285714285714285 0.14285714285714285 0.2857142857142857 
0.14285714285714285 0.2857142857142857 0.14285714285714285 0.2857142857142857 0.14285714285714285 
0.14285714285714285 0.2857142857142857 0.14285714285714285 0.42857142857142855 0.0 
0.14285714285714285 0.2857142857142857 0.2857142857142857 0.0 0.2857142857142857 
0.14285714285714285 0.2857142857142857 0.2857142857142857 0.14285714285714285 0.14285714285714285 
0.14285714285714285 0.2857142857142857 0.2857142857142857 0.2857142857142857 0.0 
0.14285714285714285 0.2857142857142857 0.42857142857142855 0.0 0.14285714285714285 
0.14285714285714285 0.2857142857142857 0.42857142857142855 0.14285714285714285 0.0 
0.14285714285714285 0.2857142857142857 0.5714285714285714 0.0 0.0 
0.14285714285714285 0.42857142857142855 0.0 0.0 0.42857142857142855 
0.14285714285714285 0.42857142857142855 0.0 0.14285714285714285 0.2857142857142857 
0.14285714285714285 0.42857142857142855 0.0 0.2857142857142857 0.14285714285714285 
0.14285714285714285 0.42857142857142855 0.0 0.42857142857142855 0.0 
0.14285714285714285 0.42857142857142855 0.14285714285714285 0.0 0.2857142857142857 
0.14285714285714285 0.42857142857142855 0.14285714285714285 0.14285714285714285 0.14285714285714285 
0.14285714285714285 0.42857142857142855 0.14285714285714285 0.2857142857142857 0.0 
0.14285714285714285 0.42857142857142855 0.2857142857142857 0.0 0.14285714285714285 
0.14285714285714285 0.42857142857142855 0.2857142857142857 0.14285714285714285 0.0 
0.14285714285714285 0.42857142857142855 0.42857142857142855 0.0 0.0 
0.14285714285714285 0.5714285714285714 0.0 0.0 0.2857142857142857 
0.14285714285714285 0.5714285714285714 0.0 0.14285714285714285 0.14285714285714285 
0.14285714285714285 0.5714285714285714 0.0 0.2857142857142857 0.0 
0.14285714285714285 0.5714285714285714 0.14285714285714285 0.0 0.14285714285714285 
0.14285714285714285 0.5714285714285714 0.14285714285714285 0.14285714285714285 0.0 
0.14285714285714285 0.5714285714285714 0.2857142857142857 0.0 0.0 
0.14285714285714285 0.7142857142857142 0.0 0.0 0.14285714285714285 
0.14285714285714285 0.7142857142857142 0.0 0.14285714285714285 0.0 
0.14285714285714285 0.7142857142857142 0.14285714285714285 0.0 0.0 
0.14285714285714285 0.857142857142857 0.0 0.0 0.0 
0.2857142857142857 0.0 0.0 0.0 0.7142857142857142 
0.2857142857142857 0.0 0.0 0.14285714285714285 0.5714285714285714 
0.2857142857142857 0.0 0.0 0.2857142857142857 0.42857142857142855 
0.2857142857142857 0.0 0.0 0.42857142857142855 0.2857142857142857 
0.2857142857142857 0.0 0.0 0.5714285714285714 0.14285714285714285 
0.2857142857142857 0.0 0.0 0.7142857142857142 0.0 
0.2857142857142857 0.0 0.14285714285714285 0.0 0.5714285714285714 
0.2857142857142857 0.0 0.14285714285714285 0.14285714285714285 0.42857142857142855 
0.2857142857142857 0.0 0.14285714285714285 0.2857142857142857 0.2857142857142857 
0.2857142857142857 0.0 0.14285714285714285 0.42857142857142855 0.14285714285714285 
0.2857142857142857 0.0 0.14285714285714285 0.5714285714285714 0.0 
0.2857142857142857 0.0 0.2857142857142857 0.0 0.42857142857142855 
0.2857142857142857 0.0 0.2857142857142857 0.14285714285714285 0.2857142857142857 
0.2857142857142857 0.0 0.2857142857142857 0.2857142857142857 0.14285714285714285 
0.2857142857142857 0.0 0.2857142857142857 0.42857142857142855 0.0 
0.2857142857142857 0.0 0.42857142857142855 0.0 0.2857142857142857 
0.2857142857142857 0.0 0.42857142857142855 0.14285714285714285 0.14285714285714285 
0.2857142857142857 0.0 0.42857142857142855 0.2857142857142857 0.0 
0.2857142857142857 0.0 0.5714285714285714 0.0 0.14285714285714285 
0.2857142857142857 0.0 0.5714285714285714 0.14285714285714285 0.0 
0.2857142857142857 0.0 0.7142857142857142 0.0 0.0 
0.2857142857142857 0.14285714285714285 0.0 0.0 0.5714285714285714 
0.2857142857142857 0.14285714285714285 0.0 0.14285714285714285 0.42857142857142855 
0.2857142857142857 0.14285714285714285 0.0 0.2857142857142857 0.2857142857142857 
0.2857142857142857 0.14285714285714285 0.0 0.42857142857142855 0.14285714285714285 
0.2857142857142857 0.14285714285714285 0.0 0.5714285714285714 0.0 
0.2857142857142857 0.14285714285714285 0.14285714285714285 0.0 0.42857142857142855 
0.2857142857142857 0.14285714285714285 0.14285714285714285 0.14285714285714285 0.2857142857142857 
0.2857142857142857 0.14285714285714285 0.14285714285714285 0.2857142857142857 0.14285714285714285 
0.2857142857142857 0.14285714285714285 0.14285714285714285 0.42857142857142855 0.0 
0.2857142857142857 0.14285714285714285 0.2857142857142857 0.0 0.2857142857142857 
0.2857142857142857 0.14285714285714285 0.2857142857142857 0.14285714285714285 0.14285714285714285 
0.2857142857142857 0.14285714285714285 0.2857142857142857 0.2857142857142857 0.0 
0.2857142857142857 0.14285714285714285 0.42857142857142855 0.0 0.14285714285714285 
0.2857142857142857 0.14285714285714285 0.42857142857142855 0.14285714285714285 0.0 
0.2857142857142857 0.14285714285714285 0.5714285714285714 0.0 0.0 
0.2857142857142857 0.2857142857142857 0.0 0.0 0.42857142857142855 
0.2857142857142857 0.2857142857142857 0.0 0.14285714285714285 0.2857142857142857 
0.2857142857142857 0.2857142857142857 0.0 0.2857142857142857 0.14285714285714285 
0.2857142857142857 0.2857142857142857 0.0 0.42857142857142855 0.0 
0.2857142857142857 0.2857142857142857 0.14285714285714285 0.0 0.2857142857142857 
0.2857142857142857 0.2857142857142857 0.14285714285714285 0.14285714285714285 0.14285714285714285 
0.2857142857142857 0.2857142857142857 0.14285714285714285 0.2857142857142857 0.0 
0.2857142857142857 0.2857142857142857 0.2857142857142857 0.0 0.14285714285714285 
0.2857142857142857 0.2857142857142857 0.2857142857142857 0.14285714285714285 0.0 
0.2857142857142857 0.2857142857142857 0.42857142857142855 0.0 0.0 
0.2857142857142857 0.42857142857142855 0.0 0.0 0.2857142857142857 
0.2857142857142857 0.42857142857142855 0.0 0.14285714285714285 0.14285714285714285 
0.2857142857142857 0.42857142857142855 0.0 0.2857142857142857 0.0 
0.2857142857142857 0.42857142857142855 0.14285714285714285 0.0 0.14285714285714285 
0.2857142857142857 0.42857142857142855 0.14285714285714285 0.14285714285714285 0.0 
0.2857142857142857 0.42857142857142855 0.2857142857142857 0.0 0.0 
0.2857142857142857 0.5714285714285714 0.0 0.0 0.14285714285714285 
0.2857142857142857 0.5714285714285714 0.0 0.14285714285714285 0.0 
0.2857142857142857 0.5714285714285714 0.14285714285714285 0.0 0.0 
0.2857142857142857 0.7142857142857142 0.0 0.0 0.0 
0.42857142857142855 0.0 0.0 0.0 0.5714285714285714 
0.42857142857142855 0.0 0.0 0.14285714285714285 0.42857142857142855 
0.42857142857142855 0.0 0.0 0.2857142857142857 0.2857142857142857 
0.42857142857142855 0.0 0.0 0.42857142857142855 0.14285714285714285 
0.42857142857142855 0.0 0.0 0.5714285714285714 0.0 
0.42857142857142855 0.0 0.14285714285714285 0.0 0.42857142857142855 
0.42857142857142855 0.0 0.14285714285714285 0.14285714285714285 0.2857142857142857 
0.42857142857142855 0.0 0.14285714285714285 0.2857142857142857 0.14285714285714285 
0.42857142857142855 0.0 0.14285714285714285 0.42857142857142855 0.0 
0.42857142857142855 0.0 0.2857142857142857 0.0 0.2857142857142857 
0.42857142857142855 0.0 0.2857142857142857 0.14285714285714285 0.14285714285714285 
0.42857142857142855 0.0 0.2857142857142857 0.2857142857142857 0.0 
0.42857142857142855 0.0 0.42857142857142855 0.0 0.14285714285714285 
0.42857142857142855 0.0 0.42857142857142855 0.14285714285714285 0.0 
0.42857142857142855 0.0 0.5714285714285714 0.0 0.0 
0.42857142857142855 0.14285714285714285 0.0 0.0 0.42857142857142855 
0.42857142857142855 0.14285714285714285 0.0 0.14285714285714285 0.2857142857142857 
0.42857142857142855 0.14285714285714285 0.0 0.2857142857142857 0.14285714285714285 
0.42857142857142855 0.14285714285714285 0.0 0.42857142857142855 0.0 
0.42857142857142855 0.14285714285714285 0.14285714285714285 0.0 0.2857142857142857 
0.42857142857142855 0.14285714285714285 0.14285714285714285 0.14285714285714285 0.14285714285714285 
0.42857142857142855 0.14285714285714285 0.14285714285714285 0.2857142857142857 0.0 
0.42857142857142855 0.14285714285714285 0.2857142857142857 0.0 0.14285714285714285 
0.42857142857142855 0.14285714285714285 0.2857142857142857 0.14285714285714285 0.0 
0.42857142857142855 0.14285714285714285 0.42857142857142855 0.0 0.0 
0.42857142857142855 0.2857142857142857 0.0 0.0 0.2857142857142857 
0.42857142857142855 0.2857142857142857 0.0 0.14285714285714285 0.14285714285714285 
0.42857142857142855 0.2857142857142857 0.0 0.2857142857142857 0.0 
0.42857142857142855 0.2857142857142857 0.14285714285714285 0.0 0.14285714285714285 
0.42857142857142855 0.2857142857142857 0.14285714285714285 0.14285714285714285 0.0 
0.42857142857142855 0.2857142857142857 0.2857142857142857 0.0 0.0 
0.42857142857142855 0.42857142857142855 0.0 0.0 0.14285714285714285 
0.42857142857142855 0.42857142857142855 0.0 0.14285714285714285 0.0 
0.42857142857142855 0.42857142857142855 0.14285714285714285 0.0 0.0 
0.42857142857142855 0.5714285714285714 0.0 0.0 0.0 
0.5714285714285714 0.0 0.0 0.0 0.42857142857142855 
0.5714285714285714 0.0 0.0 0.14285714285714285 0.2857142857142857 
0.5714285714285714 0.0 0.0 0.2857142857142857 0.14285714285714285 
0.5714285714285714 0.0 0.0 0.42857142857142855 0.0 
0.5714285714285714 0.0 0.14285714285714285 0.0 0.2857142857142857 
0.5714285714285714 0.0 0.14285714285714285 0.14285714285714285 0.14285714285714285 
0.5714285714285714 0.0 0.14285714285714285 0.2857142857142857 0.0 
0.5714285714285714 0.0 0.2857142857142857 0.0 0.14285714285714285 
0.5714285714285714 0.0 0.2857142857142857 0.14285714285714285 0.0 
0.5714285714285714 0.0 0.42857142857142855 0.0 0.0 
0.5714285714285714 0.14285714285714285 0.0 0.0 0.2857142857142857 
0.5714285714285714 0.14285714285714285 0.0 0.14285714285714285 0.14285714285714285 
0.5714285714285714 0.14285714285714285 0.0 0.2857142857142857 0.0 
0.5714285714285714 0.14285714285714285 0.14285714285714285 0.0 0.14285714285714285 
0.5714285714285714 0.14285714285714285 0.14285714285714285 0.14285714285714285 0.0 
0.5714285714285714 0.14285714285714285 0.2857142857142857 0.0 0.0 
0.5714285714285714 0.2857142857142857 0.0 0.0 0.14285714285714285 
0.5714285714285714 0.2857142857142857 0.0 0.14285714285714285 0.0 
0.5714285714285714 0.2857142857142857 0.14285714285714285 0.0 0.0 
0.5714285714285714 0.42857142857142855 0.0 0.0 0.0 
0.7142857142857142 0.0 0.0 0.0 0.2857142857142857 
0.7142857142857142 0.0 0.0 0.14285714285714285 0.14285714285714285 
0.7142857142857142 0.0 0.0 0.2857142857142857 0.0 
0.7142857142857142 0.0 0.14285714285714285 0.0 0.14285714285714285 
0.7142857142857142 0.0 0.14285714285714285 0.14285714285714285 0.0 
0.7142857142857142 0.0 0.2857142857142857 0.0 0.0 
0.7142857142857142 0.14285714285714285 0.0 0.0 0.14285714285714285 
0.7142857142857142 0.14285714285714285 0.0 0.14285714285714285 0.0 
0.7142857142857142 0.14285714285714285 0.14285714285714285 0.0 0.0 
0.7142857142857142 0.2857142857142857 0.0 0.0 0.0 
0.857142857142857 0.0 0.0 0.0 0.14285714285714285 
0.857142857142857 0.0 0.0 0.14285714285714285 0.0 
0.857142857142857 0.0 0.14285714285714285 0.0 0.0 
0.857142857142857 0.14285714285714285 0.0 0.0 0.0 
0.9999999999999998 0.0 0.0 0.0 0.0 
0.2651408285856811	0.08724874838199227	0.2312077046771327	0.1996576677405728	0.21674505061462104	
0.09456543209526605	0.1093144368697498	0.2794922667554811	0.24950685443479267	0.26712100984471027	
0.24540025301471846	0.11504250654532798	0.13084402599302652	0.020740348718583396	0.48797286572834364	
0.33474802713857577	0.036265969504573704	0.2169718638739086	0.14257655713439438	0.2694375823485477	
0.26246772241868355	0.1290804021987926	0.19769837219213476	0.19423067363065646	0.21652282955973268	
0.33799960199942214	0.2122139076457221	0.3623535256685135	0.05396606696894085	0.03346689771740155	
0.32380171698305205	0.23902167252100984	0.23659752814072094	0.04739037676003368	0.1531887055951836	
0.0027645721252988783	0.04406593368377107	0.21473880560507141	0.20879094999452286	0.5296397385913357	
0.34132094579722333	0.30415122072886885	0.21521013850725138	0.06288151666027057	0.07643617830638584	
0.28103932787754027	0.003181596265630604	0.22769395360474073	0.25368347935073354	0.23440164290135476	
0.08996008855324508	0.3335003417311909	0.40259479226600964	0.006062922776199037	0.16788185467335517	
0.2315866537941682	0.2132102456349742	0.26947450400261014	0.23953783555267652	0.04619076101557084	
0.2665350258475484	0.20066129550871717	0.18765662777365993	0.22285259326439152	0.12229445760568292	
0.12231140594458109	0.22573736747275272	0.13283211719625618	0.2625602549759861	0.2565588544104238	
0.3585658585479095	0.04799670213466692	0.07273108011036516	0.029557578052447773	0.49114878115461064	
0.2788607296711765	0.2837860960582549	0.22018564555275807	0.14385515073681382	0.07331237798099673	
0.19647158532106848	0.539086530972772	0.03309998637539945	0.006466552614666811	0.22487534471609308	
0.04872289129708289	0.4776419182572845	0.0020654109263421715	0.17295153666304183	0.2986182428562487	
0.25602217129998917	0.07724294273882716	0.2436080209843731	0.16993989537037466	0.2531869696064359	
0.020082353266671522	0.2919208093951299	0.22424926085815344	0.2287169838237757	0.23503059265626952	
0.19462531403019515	0.25373961412383816	0.37397654367093364	0.17146701722984886	0.006191510945184234	
0.2617961164298006	0.278344716095613	0.22678584079702288	0.08778896509574563	0.14528436158181773	
0.406817659567921	0.07471113656366993	0.0017467346459793668	0.11823153174030453	0.3984929374821252	
0.13677694180406386	0.1971454954256458	0.31603239152992024	0.18776495905241075	0.16228021218795946	
0.19773166202430145	0.2179412763892135	0.26327637944839516	0.17071016573186057	0.15034051640622925	
0.12650258895803038	0.21906105037823745	0.3945915985903005	0.24882780671181434	0.01101695536161724	
0.19631847252011098	0.17958531574323916	0.2330225379991277	0.21116331393331586	0.1799103598042064	
0.15057584661854578	0.35880463174213906	0.09095965007191657	0.05857792730838337	0.34108194425901517	
0.45149913913732853	0.15054539286904223	0.25624066466708534	0.08660734439156935	0.05510745893497444	
0.21848541675159786	0.12115162146031858	0.18925176812414315	0.3004781226925654	0.1706330709713749	
0.13180015829999672	0.2053534724125117	0.15416211779823308	0.452599149475395	0.05608510201386352	
0.17001367311426133	0.12124929364075716	0.1913589368237435	0.487437895111938	0.029940201309300016	
0.040409184317242296	0.41889893936088285	0.25101284694342757	0.04020906048359671	0.2494699688948507	
0.02971306598671681	0.07156711029359451	0.3576867799972226	0.14187701490773227	0.3991560288147337	
0.19782128932248608	0.20756131318419316	0.09381386054070011	0.1762816447176903	0.32452189223493033	
0.10418985111432141	0.4353340783594009	0.009265396425474397	0.13120447702391014	0.32000619707689326	
0.21778341187498768	0.04841126604069558	0.1711709101005423	0.10596292601451676	0.4566714859692576	
0.33534736555724115	0.14002103357222628	0.2881682992816228	0.016493366913562398	0.21996993467534728	
0.03482134715329375	0.2670217845852418	0.16313120859780939	0.3078743114607293	0.22715134820292593	
0.27091186915176585	0.1813754286189759	0.1388565510725604	0.10856496638654	0.3002911847701579	
0.0715731716897268	0.051912141507526204	0.3195222522918127	0.2387440975573721	0.31824833695356225	
0.01683378779671235	0.09278611275777712	0.27385748654025066	0.45879387961777857	0.15772873328748138	
0.06415648586146017	0.04517249793904937	0.3805453036482649	0.31101320650565933	0.1991125060455662	
0.15835266819556054	0.27371471094228145	0.17801423201225317	0.19281738498226056	0.19710100386764423	
0.20253061771613548	8.875323606046179E-4	0.3730044300138504	0.3861170102056803	0.037460409703729325	
0.16456859826816664	0.22603464544760338	0.26181645282731875	0.23592458572716635	0.11165571772974499	
0.024680380627100797	0.13521068163766378	0.20164264514186195	0.3701938063232264	0.2682724862701471	
0.05947581065035541	0.2471356712456882	0.44077969434610215	0.08175828350084291	0.17085054025701138	
0.37394855761242657	0.017448148443161563	0.1398817113536305	0.2500984142424286	0.21862316834835271	
0.11628792597775728	0.18402621031707017	0.3609873362817825	0.10562273611633916	0.23307579130705086	
0.10311773978657879	0.23661528718716493	0.15598240203243624	0.1362599628178758	0.36802460817594435	
0.19483636656796435	0.03168174995662798	0.2717650736898693	0.2542433275922535	0.2474734821932849	
0.2948610112450449	0.2828197907021534	0.39344565975502166	0.0030007203531106016	0.02587281794466932	
0.3159788177122572	0.10895266407492032	0.28982428667080423	0.16846244449548448	0.11678178704653362	
0.14460145327105542	0.07392722879664067	0.08777407334898875	0.19927882422000387	0.49441842036331124	
0.3209275545602752	0.09917883301864365	0.2356507111918911	0.18644321584440304	0.15779968538478695	
0.30240308883553435	0.29023552579066797	0.017591358667095634	0.09248859832344493	0.297281428383257	
0.12901283070496666	0.2231187466929103	0.2638064020912033	0.08809878562881648	0.2959632348821033	
0.3466464669244324	0.3222383840708979	0.15203925934339727	0.06534533688030854	0.11373055278096397	
0.2858736576852951	0.0016259345575798093	0.30459073782257856	0.2735230346576495	0.13438663527689707	
0.2688899704510921	0.32886083839462665	0.0716589503517837	0.3146850856178775	0.01590515518462003	
0.47389305323101005	0.19899515597193657	0.25119749978202954	0.0051324801154936745	0.0707818108995302	
0.3742888534137499	0.11112078339274745	0.09601636903645186	0.062344460397566685	0.3562295337594842	
0.1383545318420153	0.23534661731867876	0.22634004892426965	0.23884174821142268	0.16111705370361368	
0.06547369471249986	0.09803228424366675	0.1693255800550644	0.4110792809407704	0.2560891600479986	
0.28137553905205104	0.20980723448927868	0.15988806346365939	0.13414722654340133	0.21478193645160948	
0.006996514196202224	0.07355114600672887	0.33152841601724325	0.4141342030326125	0.1737897207472132	
0.1839976486622389	0.03561381150478857	0.06141112094949474	0.260762530727588	0.45821488815588984	
0.012839084002224652	0.24689510899590889	0.4382571042940156	0.2711862727378743	0.030822429969976507	
0.32449694188563294	0.012531355317920318	0.21957710422209237	0.16245631497513394	0.2809382835992205
