Base:	heart_numerico
	AUC	#Accuracy		#PrecisionPos	#RecallPos	#F-MeasurePos		#PrecisionNeg	#RecallNeg	#F-MeasureNeg		#Regras Total
Fold: 0-0	0,0	0,5555555555555556		0,0	0,0	0,0		0,5555555555555556	1,0	0,7142857142857143		122,0	
Fold: 0-1	0,1333333333333333	0,5555555555555556		0,0	0,0	0,0		0,5555555555555556	1,0	0,7142857142857143		130,0	
Fold: 0-2	0,0	0,5555555555555556		0,0	0,0	0,0		0,5555555555555556	1,0	0,7142857142857143		176,0	
Fold: 0-3	0,0	0,5555555555555556		0,0	0,0	0,0		0,5555555555555556	1,0	0,7142857142857143		126,0	
Fold: 0-4	0,06666666666666665	0,5555555555555556		0,0	0,0	0,0		0,5555555555555556	1,0	0,7142857142857143		173,0	
Fold: 0-5	0,06666666666666665	0,5555555555555556		0,0	0,0	0,0		0,5555555555555556	1,0	0,7142857142857143		171,0	
Fold: 0-6	0,0	0,5555555555555556		0,0	0,0	0,0		0,5555555555555556	1,0	0,7142857142857143		162,0	
Fold: 0-7	0,0	0,5555555555555556		0,0	0,0	0,0		0,5555555555555556	1,0	0,7142857142857143		138,0	
Fold: 0-8	0,5416666666666666	0,5925925925925926		1,0	0,08333333333333333	0,15384615384615385		0,5769230769230769	1,0	0,7317073170731707		108,0	
Fold: 0-9	0,0	0,5555555555555556		0,0	0,0	0,0		0,5555555555555556	1,0	0,7142857142857143		124,0	
Media das Areas:	0,08083333333333333
Desvio Padrao:	0,1596023704920032
Número médio de regras:	143,0
Media das Precisoes:	0,5592592592592591


